001a02.JPG 2.0 5.0 1.0 2.0 2.0 12.0 2.0 2.0 5.0 3.0 1.0
001A05.JPG 5.0 6.0 7.0 6.0 6.0 7.0 8.0 10.0 7.0 5.0 8.0
001A08.JPG 8.0 10.0 4.0 13.0 10.0 11.0 14.0 11.0 10.0 11.0 11.0
001A10.JPG 10.0 12.0 10.0 10.0 12.0 15.0 10.0 8.0 12.0 11.0 10.0
001A14.JPG 14.0 15.0 9.0 21.0 18.0 16.0 12.0 18.0 15.0 17.0 18.0
001A16.JPG 16.0 25.0 25.0 25.0 21.0 2.0 17.0 27.0 25.0 35.0 18.0
001A18.JPG 18.0 31.0 33.0 30.0 38.0 34.0 22.0 32.0 26.0 25.0 24.0
001A19.JPG 19.0 3.0 35.0 33.0 35.0 35.0 35.0 28.0 37.0 25.0 37.0
001A22.JPG 22.0 30.0 43.0 33.0 3.0 40.0 40.0 29.0 45.0 37.0 30.0
001A28.JPG 28.0 43.0 35.0 24.0 29.0 28.0 20.0 30.0 28.0 35.0 31.0
001A29.JPG 29.0 48.0 39.0 40.0 38.0 40.0 35.0 45.0 48.0 35.0 45.0
001A33.JPG 33.0 33.0 40.0 32.0 45.0 40.0 35.0 33.0 48.0 48.0 38.0
001A40.JPG 40.0 41.0 44.0 45.0 46.0 50.0 43.0 43.0 54.0 55.0 47.0
001A43a.JPG 43.0 54.0 55.0 39.0 47.0 55.0 53.0 42.0 50.0 65.0 57.0
001A43b.JPG 43.0 54.0 55.0 39.0 47.0 55.0 53.0 42.0 50.0 65.0 57.0
002A03.JPG 3.0 4.0 4.0 3.0 5.0 4.0 4.0 3.0 5.0 2.0 5.0
002A04.JPG 4.0 7.0 7.0 11.0 10.0 9.0 11.0 6.0 0.0 6.0 6.0
002A05.JPG 5.0 12.0 12.0 5.0 8.0 5.0 7.0 6.0 8.0 5.0 6.0
002A07.JPG 7.0 8.0 5.0 9.0 6.0 9.0 7.0 10.0 6.0 13.0 13.0
002A12.JPG 12.0 18.0 28.0 24.0 18.0 15.0 12.0 32.0 22.0 22.0 14.0
002A15.JPG 15.0 17.0 23.0 16.0 18.0 15.0 1.0 15.0 18.0 17.0 18.0
002A16.JPG 16.0 22.0 22.0 18.0 15.0 22.0 35.0 20.0 16.0 19.0 30.0
002A18.JPG 18.0 15.0 17.0 35.0 2.0 22.0 19.0 19.0 28.0 25.0 15.0
002A20.JPG 20.0 1.0 27.0 32.0 18.0 25.0 20.0 22.0 20.0 21.0 24.0
002A21.JPG 21.0 22.0 16.0 25.0 14.0 16.0 20.0 16.0 18.0 18.0 16.0
002A23.JPG 23.0 31.0 27.0 39.0 26.0 20.0 23.0 26.0 23.0 33.0 25.0
002A26.JPG 26.0 50.0 37.0 25.0 34.0 25.0 33.0 22.0 36.0 18.0 30.0
002A29.JPG 29.0 33.0 15.0 35.0 35.0 29.0 31.0 43.0 20.0 15.0 27.0
002A31.JPG 31.0 32.0 29.0 22.0 34.0 45.0 26.0 36.0 28.0 28.0 30.0
002A36.JPG 36.0 35.0 32.0 38.0 27.0 30.0 36.0 36.0 37.0 28.0 28.0
002A38.JPG 38.0 45.0 52.0 35.0 59.0 50.0 50.0 43.0 42.0 40.0 55.0
003A18.JPG 18.0 30.0 19.0 35.0 27.0 18.0 58.0 25.0 30.0 39.0 45.0
003A20.JPG 20.0 18.0 16.0 36.0 29.0 4.0 20.0 24.0 40.0 23.0 30.0
003A23.JPG 23.0 27.0 25.0 25.0 35.0 23.0 32.0 25.0 32.0 30.0 27.0
003A25.JPG 25.0 30.0 21.0 22.0 14.0 44.0 22.0 16.0 18.0 21.0 25.0
003A35.JPG 35.0 45.0 30.0 39.0 35.0 34.0 55.0 30.0 43.0 31.0 26.0
003A38.JPG 38.0 30.0 35.0 19.0 28.0 19.0 40.0 25.0 47.0 38.0 53.0
003A47.JPG 47.0 45.0 37.0 43.0 48.0 52.0 32.0 60.0 50.0 52.0 45.0
003A49.JPG 49.0 17.0 38.0 45.0 45.0 55.0 50.0 40.0 47.0 44.0 44.0
003A51.JPG 51.0 43.0 56.0 6.0 45.0 55.0 57.0 34.0 45.0 45.0 52.0
003A58.JPG 58.0 53.0 70.0 57.0 50.0 55.0 60.0 63.0 60.0 65.0 60.0
003A60.JPG 60.0 64.0 52.0 55.0 18.0 52.0 60.0 55.0 60.0 65.0 55.0
003A61.JPG 61.0 60.0 65.0 50.0 68.0 32.0 43.0 56.0 65.0 56.0 55.0
004A19.JPG 19.0 45.0 25.0 27.0 23.0 19.0 40.0 25.0 26.0 22.0 28.0
004A21.JPG 21.0 27.0 32.0 21.0 30.0 35.0 25.0 26.0 32.0 22.0 29.0
004A26.JPG 26.0 30.0 38.0 38.0 27.0 35.0 27.0 31.0 32.0 44.0 43.0
004A28.JPG 28.0 40.0 21.0 37.0 25.0 35.0 29.0 36.0 29.0 23.0 42.0
004A30.jpg 30.0 40.0 40.0 35.0 30.0 29.0 28.0 30.0 29.0 55.0 33.0
004A37.JPG 37.0 42.0 35.0 56.0 45.0 52.0 49.0 53.0 39.0 55.0 35.0
004A40.jpg 40.0 65.0 61.0 52.0 5.0 45.0 60.0 51.0 37.0 53.0 47.0
004A48.jpg 48.0 68.0 71.0 49.0 59.0 62.0 54.0 57.0 58.0 53.0 62.0
004A51.JPG 51.0 72.0 59.0 65.0 70.0 55.0 67.0 65.0 48.0 9.0 66.0
004A53.JPG 53.0 55.0 60.0 65.0 55.0 62.0 55.0 65.0 71.0 59.0 55.0
004A62.JPG 62.0 61.0 70.0 70.0 75.0 75.0 65.0 61.0 65.0 65.0 60.0
004A63.JPG 63.0 65.0 63.0 65.0 72.0 75.0 75.0 68.0 58.0 65.0 72.0
005A18.JPG 18.0 28.0 21.0 14.0 23.0 20.0 16.0 2.0 22.0 23.0 18.0
005A24.JPG 24.0 2.0 20.0 25.0 15.0 30.0 23.0 22.0 28.0 28.0 22.0
005A30.JPG 30.0 25.0 37.0 22.0 25.0 28.0 28.0 29.0 45.0 20.0 32.0
005A31.JPG 31.0 40.0 37.0 54.0 50.0 39.0 43.0 24.0 39.0 31.0 43.0
005A35.JPG 35.0 53.0 38.0 66.0 40.0 42.0 38.0 40.0 35.0 40.0 40.0
005A40.JPG 40.0 65.0 69.0 65.0 70.0 50.0 65.0 43.0 60.0 62.0 65.0
005A45.JPG 45.0 40.0 50.0 35.0 34.0 42.0 40.0 40.0 50.0 43.0 38.0
005A48.JPG 48.0 69.0 6.0 56.0 55.0 55.0 50.0 60.0 59.0 59.0 50.0
005A49.JPG 49.0 48.0 45.0 45.0 55.0 51.0 60.0 40.0 36.0 58.0 54.0
005A52.JPG 52.0 48.0 52.0 34.0 58.0 65.0 66.0 47.0 52.0 65.0 69.0
005A61.JPG 61.0 65.0 58.0 65.0 45.0 55.0 60.0 6.0 51.0 60.0 68.0
006A24.JPG 24.0 28.0 23.0 21.0 20.0 4.0 33.0 22.0 28.0 39.0 17.0
006A28.JPG 28.0 39.0 42.0 29.0 39.0 28.0 25.0 49.0 25.0 45.0 28.0
006A31.JPG 31.0 58.0 40.0 55.0 46.0 48.0 5.0 48.0 56.0 40.0 54.0
006A36.JPG 36.0 30.0 50.0 53.0 41.0 34.0 33.0 30.0 38.0 38.0 48.0
006A40.JPG 40.0 44.0 40.0 45.0 50.0 45.0 45.0 49.0 41.0 36.0 45.0
006A42.JPG 42.0 49.0 50.0 55.0 58.0 55.0 45.0 35.0 35.0 53.0 60.0
006A46.JPG 46.0 59.0 56.0 52.0 45.0 55.0 50.0 56.0 54.0 55.0 6.0
006A51.JPG 51.0 58.0 44.0 59.0 58.0 50.0 45.0 48.0 55.0 59.0 59.0
006A55.JPG 55.0 52.0 58.0 64.0 59.0 62.0 54.0 58.0 55.0 65.0 69.0
006A61.JPG 61.0 40.0 55.0 50.0 58.0 48.0 60.0 50.0 50.0 65.0 48.0
006A67.JPG 67.0 62.0 65.0 58.0 55.0 60.0 58.0 65.0 55.0 63.0 53.0
006A69.JPG 69.0 55.0 60.0 55.0 68.0 65.0 65.0 60.0 57.0 62.0 60.0
007A01.JPG 1.0 3.0 1.0 1.0 2.0 1.0 11.0 1.0 2.0 0.0 2.0
007A18.JPG 18.0 15.0 17.0 18.0 24.0 15.0 23.0 22.0 17.0 18.0 12.0
007A22.JPG 22.0 22.0 35.0 20.0 28.0 17.0 25.0 22.0 27.0 22.0 29.0
007A23.JPG 23.0 26.0 35.0 22.0 25.0 25.0 22.0 23.0 20.0 13.0 22.0
007A26.JPG 26.0 28.0 30.0 3.0 1.0 36.0 23.0 42.0 35.0 29.0 34.0
007A37.JPG 37.0 35.0 38.0 36.0 28.0 40.0 48.0 29.0 30.0 52.0 40.0
007A38.JPG 38.0 29.0 39.0 46.0 35.0 47.0 39.0 45.0 54.0 43.0 35.0
007A39.JPG 39.0 30.0 35.0 43.0 45.0 45.0 42.0 40.0 35.0 48.0 52.0
007A45.JPG 45.0 33.0 32.0 38.0 40.0 40.0 48.0 43.0 37.0 37.0 35.0
008A03.JPG 3.0 4.0 2.0 3.0 2.0 1.0 2.0 4.0 2.0 5.0 2.0
008A06.JPG 6.0 7.0 10.0 9.0 8.0 8.0 8.0 11.0 8.0 12.0 11.0
008A08.JPG 8.0 10.0 8.0 11.0 10.0 5.0 8.0 12.0 9.0 6.0 10.0
008A12.JPG 12.0 16.0 15.0 16.0 10.0 17.0 14.0 14.0 14.0 15.0 13.0
008A13.JPG 13.0 15.0 10.0 19.0 20.0 22.0 11.0 14.0 16.0 35.0 16.0
008A16.JPG 16.0 36.0 21.0 21.0 20.0 24.0 32.0 22.0 25.0 43.0 17.0
008A17.JPG 17.0 18.0 16.0 20.0 20.0 23.0 28.0 20.0 21.0 19.0 32.0
008A18.JPG 18.0 25.0 20.0 29.0 21.0 24.5 21.0 28.0 19.0 23.0 32.0
008A21.JPG 21.0 22.0 20.0 28.0 30.0 18.0 32.0 25.0 25.0 25.0 30.0
008A29.JPG 29.0 39.0 26.0 35.0 35.0 30.0 27.0 35.0 25.0 20.0 26.0
008A30.JPG 30.0 42.0 38.0 38.0 35.0 46.0 41.0 30.0 33.0 40.0 30.0
008A31.JPG 31.0 35.0 33.0 45.0 44.0 47.0 32.0 40.0 32.0 45.0 37.0
008A33.JPG 33.0 33.0 34.0 34.0 35.0 39.0 32.0 37.0 45.0 34.0 24.0
008A35.JPG 35.0 9.0 39.0 36.0 30.0 35.0 30.0 45.0 38.0 38.0 40.0
008A41.JPG 41.0 35.0 35.0 42.0 34.0 35.0 40.0 38.0 35.0 38.0 42.0
009A00.jpg 0.0 1.0 2.0 2.0 3.0 1.0 1.0 2.0 1.0 17.0 9.0
009A01.jpg 1.0 1.0 2.0 2.0 1.0 2.0 2.0 3.0 1.0 2.0 2.0
009A03.JPG 3.0 3.0 2.0 4.0 4.0 4.0 4.0 5.5 2.0 3.0 3.0
009A05.jpg 5.0 7.0 3.0 6.0 17.0 6.0 4.0 7.0 4.0 8.0 5.0
009A09.JPG 9.0 14.0 7.0 17.0 16.0 6.0 7.0 7.0 9.0 0.0 10.0
009A11.jpg 11.0 18.0 14.0 21.0 12.0 25.0 14.0 20.0 17.0 25.0 15.0
009A13.JPG 13.0 16.0 15.0 16.0 12.0 2.0 12.0 14.0 17.0 12.0 16.0
009A14.jpg 14.0 16.0 19.0 24.0 17.0 28.0 15.0 11.0 22.0 16.0 15.0
009A16a.JPG 16.0 19.0 25.0 17.0 18.0 20.0 30.0 17.0 25.0 28.0 20.0
009A16b.jpg 16.0 19.0 25.0 17.0 18.0 20.0 30.0 17.0 25.0 28.0 20.0
009A18.JPG 18.0 20.0 19.0 20.0 32.0 29.0 28.0 19.0 34.0 17.0 17.0
009A22a.JPG 22.0 20.0 24.0 22.0 15.0 14.0 20.0 18.0 13.0 16.0 14.0
009A22b.JPG 22.0 20.0 24.0 22.0 15.0 14.0 20.0 18.0 13.0 16.0 14.0
010A01.JPG 1.0 1.0 1.0 1.0 1.0 1.0 1.0 1.0 5.0 2.0 1.0
010A04.jpg 4.0 11.0 6.0 5.0 7.0 0.0 6.0 8.0 3.0 6.0 17.0
010A05.JPG 5.0 11.0 6.0 4.0 3.0 3.0 5.0 4.0 12.0 14.0 3.0
010A06.JPG 6.0 12.0 5.0 0.0 8.0 10.0 5.0 7.0 5.0 6.0 5.0
010A07a.jpg 7.0 8.0 9.0 12.0 9.0 8.0 8.0 10.0 12.0 10.0 14.0
010A07b.JPG 7.0 8.0 9.0 12.0 9.0 8.0 8.0 10.0 12.0 10.0 14.0
010A09.jpg 9.0 11.0 10.0 14.5 6.0 11.0 10.0 10.0 10.0 9.0 6.0
010A10.jpg 10.0 10.0 8.0 5.0 9.0 4.0 7.0 6.0 8.0 6.0 12.0
010A12.jpg 12.0 15.0 14.0 14.0 15.0 25.0 15.0 31.0 15.0 19.0 20.0
010A15.JPG 15.0 16.0 16.0 20.0 20.0 15.0 21.0 19.0 24.0 21.0 14.0
010A16.JPG 16.0 21.0 21.0 36.0 27.0 28.0 36.0 29.0 25.0 18.0 23.0
010A18.JPG 18.0 3.0 29.0 20.0 22.0 18.0 22.0 15.0 18.0 26.0 28.0
011A02.JPG 2.0 1.0 1.0 2.0 1.0 11.0 1.0 3.0 3.0 3.0 5.0
011A05.JPG 5.0 4.0 3.0 6.0 5.0 4.0 7.0 12.0 4.0 0.0 4.0
011A07.JPG 7.0 12.0 8.0 0.0 11.0 8.0 6.0 6.0 9.0 6.0 5.0
011A11.JPG 11.0 12.0 5.0 9.0 12.0 10.0 9.0 10.0 6.0 14.0 7.0
011A13.JPG 13.0 13.0 13.0 9.0 9.0 9.0 9.0 15.0 1.0 8.0 8.0
011A14.JPG 14.0 18.0 14.0 17.0 18.0 14.0 12.0 20.0 12.0 20.0 18.0
011A15.JPG 15.0 14.0 16.0 12.0 27.0 12.0 19.0 25.0 17.0 15.0 20.0
011A17.JPG 17.0 19.0 17.0 20.0 16.0 21.0 19.0 21.0 19.0 17.0 32.0
011A20.JPG 20.0 35.0 25.0 30.0 27.0 25.0 25.0 32.0 32.0 23.0 25.0
011A27.JPG 27.0 40.0 33.0 42.0 34.0 23.0 36.0 30.0 30.0 34.0 32.0
011A30.JPG 30.0 40.0 35.0 30.0 35.0 26.0 33.0 32.0 31.0 40.0 36.0
011A34.JPG 34.0 30.0 32.0 30.0 32.0 28.0 40.0 35.0 3.0 35.0 48.0
011A40.JPG 40.0 40.0 50.0 37.0 5.0 42.0 47.0 48.0 48.0 49.0 42.0
011A42.JPG 42.0 26.0 39.0 48.0 40.0 45.0 9.0 32.0 46.0 32.5 37.0
012A04.JPG 4.0 6.0 5.0 0.0 5.0 7.0 4.0 6.0 7.0 5.0 6.0
012A07.JPG 7.0 9.0 1.0 10.0 7.0 7.0 5.0 8.0 17.0 6.0 10.0
012A12.JPG 12.0 6.0 10.0 6.0 11.0 1.0 8.0 6.0 10.0 14.0 11.0
012A14.JPG 14.0 9.0 22.0 18.0 20.0 23.0 17.0 16.0 16.0 16.0 15.0
012A18.JPG 18.0 25.0 18.0 21.0 18.0 24.0 24.0 21.0 28.0 16.0 27.0
012A21.JPG 21.0 36.0 25.0 35.0 22.0 25.0 22.0 37.0 22.0 24.0 28.0
012A23.JPG 23.0 33.0 26.0 25.0 24.0 32.0 26.0 33.0 35.0 3.0 25.0
012A24.JPG 24.0 25.0 2.0 22.0 26.0 27.0 30.0 9.0 21.0 10.0 22.0
012A25.JPG 25.0 29.0 22.0 22.0 18.0 18.0 18.0 20.0 18.0 27.0 25.0
012A26.JPG 26.0 23.0 28.0 28.0 18.0 32.0 24.0 24.0 15.0 19.0 22.0
012A27.JPG 27.0 35.0 28.0 34.0 32.0 22.0 31.0 35.0 21.0 28.0 22.0
012A30.JPG 30.0 9.0 28.0 20.0 17.0 24.0 26.0 17.0 25.0 17.0 19.0
012A32.JPG 32.0 30.0 20.0 25.0 30.0 29.0 36.0 25.0 24.0 33.0 29.0
012A34.JPG 34.0 26.0 25.0 2.0 23.0 30.0 22.0 30.0 22.0 32.0 23.0
012A36.JPG 36.0 25.0 20.0 30.0 30.0 26.0 36.0 33.0 35.0 36.0 32.0
013A00.JPG 0.0 1.0 1.0 2.0 1.0 1.0 1.0 1.0 1.0 2.0 2.0
013A08.JPG 8.0 12.0 10.0 6.0 8.0 8.0 9.0 4.0 14.0 7.0 5.0
013A16.JPG 16.0 26.0 20.0 38.0 23.0 28.0 25.0 27.0 30.0 30.0 25.0
013A18.JPG 18.0 21.0 15.0 27.0 28.0 32.0 25.0 15.0 22.0 25.0 25.0
013A19.JPG 19.0 22.0 30.0 30.0 28.0 34.0 24.0 35.0 9.0 22.0 35.0
013A21.JPG 21.0 21.0 24.0 35.0 21.0 42.0 30.0 20.0 32.0 40.0 44.0
013A23.JPG 23.0 35.0 45.0 29.0 38.0 35.0 28.0 23.0 29.0 25.0 30.0
013A25.JPG 25.0 25.0 45.0 30.0 32.0 28.0 28.0 25.0 21.0 22.0 20.0
013A30.JPG 30.0 45.0 34.0 45.0 56.0 40.0 35.0 34.0 29.0 42.0 45.0
013A34.JPG 34.0 40.0 25.0 49.0 34.0 42.0 50.0 40.0 45.0 35.0 24.0
013A41.JPG 41.0 35.0 35.0 42.0 47.0 43.0 35.0 57.0 36.0 44.0 50.0
013A44.JPG 44.0 55.0 48.0 56.0 50.0 45.0 40.0 50.0 35.0 36.0 45.0
014A03.JPG 3.0 2.0 2.0 4.0 4.0 6.0 4.0 12.0 3.0 10.0 5.0
014A12.JPG 12.0 9.0 19.0 4.0 14.0 15.0 17.0 15.0 25.0 16.0 15.0
014A14.JPG 14.0 19.0 18.0 18.0 9.0 13.0 11.0 20.0 29.0 18.0 9.0
014A16.JPG 16.0 36.0 33.0 35.0 20.0 16.0 25.0 23.0 21.0 22.0 30.0
014A18.JPG 18.0 15.0 20.0 18.0 17.0 17.0 24.0 1.0 18.0 27.0 15.0
014A22.JPG 22.0 25.0 9.0 15.0 20.0 23.0 15.0 26.0 21.0 18.0 20.0
014A30.JPG 30.0 30.0 36.0 35.0 19.0 28.0 38.0 33.0 25.0 28.0 46.0
014A36.JPG 36.0 41.0 26.0 38.0 21.0 50.0 36.0 50.0 55.0 45.0 47.0
014A40.JPG 40.0 55.0 35.0 38.0 36.0 57.0 55.0 30.0 50.0 37.0 45.0
014A42.JPG 42.0 45.0 30.0 35.0 28.0 49.0 35.0 37.0 33.0 46.0 36.0
015A00.JPG 0.0 1.0 1.0 1.0 3.0 1.0 11.0 2.0 1.0 2.0 1.0
015A01.JPG 1.0 11.0 1.0 1.0 5.0 2.0 2.0 1.0 3.0 1.0 3.0
015A03.JPG 3.0 5.0 11.0 6.0 5.0 10.0 5.0 4.0 5.0 5.0 10.0
015A04.JPG 4.0 14.0 8.0 3.0 9.0 9.0 5.0 5.0 12.0 7.0 2.0
015A05.JPG 5.0 13.0 6.0 11.0 7.0 7.0 11.0 10.0 7.0 18.0 7.0
015A07.JPG 7.0 17.0 12.0 8.0 15.0 11.0 8.0 10.0 5.0 14.0 8.0
015A09.JPG 9.0 1.0 10.0 14.0 11.0 9.0 12.0 12.0 12.0 12.0 9.0
015A10.JPG 10.0 9.0 12.0 11.0 18.0 10.0 15.0 10.0 12.0 12.0 15.0
015A12.JPG 12.0 7.0 9.0 15.0 18.0 18.0 19.0 17.0 9.0 16.0 17.0
015A14.JPG 14.0 14.0 19.0 16.0 15.0 16.0 13.0 9.0 15.0 15.0 12.0
015A15.JPG 15.0 29.0 18.0 9.0 14.0 17.0 19.0 23.0 16.0 27.0 17.0
015A17.JPG 17.0 19.0 31.0 30.0 22.0 30.0 22.0 25.0 21.0 25.0 22.0
015A19.JPG 19.0 18.0 32.0 22.0 32.0 28.0 39.0 22.0 18.0 35.0 37.0
016A01.JPG 1.0 11.0 3.0 4.0 2.0 4.0 2.0 6.0 4.0 2.0 3.0
016A03.JPG 3.0 6.0 3.0 4.0 7.0 3.0 4.0 6.0 12.0 5.0 5.0
016A04.JPG 4.0 6.0 7.0 3.0 5.0 4.0 3.0 3.0 0.0 5.0 9.0
016A05.JPG 5.0 4.0 4.0 5.0 17.0 5.0 12.0 6.0 6.0 5.0 6.0
016A07.JPG 7.0 10.0 9.0 7.0 7.0 6.0 9.0 5.0 6.0 9.0 13.0
016A08.JPG 8.0 7.0 10.0 15.0 10.0 9.0 10.0 12.0 6.0 15.0 12.0
016A10.JPG 10.0 13.0 18.0 9.0 13.0 11.0 12.0 14.0 11.0 11.0 9.0
016A12.JPG 12.0 13.0 9.0 21.0 12.0 14.0 15.0 15.0 15.0 15.0 13.0
016A14.JPG 14.0 17.0 16.0 18.0 25.0 17.0 17.0 19.0 22.0 13.0 25.0
016A16.JPG 16.0 25.0 32.0 24.0 26.0 26.0 17.0 25.0 2.0 25.0 25.0
016A17.JPG 17.0 35.0 19.0 23.0 18.0 19.0 23.0 25.0 25.0 25.0 22.0
016A18.JPG 18.0 30.0 27.0 27.0 18.0 22.0 26.0 35.0 28.0 39.0 22.0
016A19.JPG 19.0 17.0 27.0 30.0 28.0 24.0 30.0 29.0 26.0 33.0 23.0
017A05.JPG 5.0 5.0 8.0 7.0 10.0 4.0 4.0 4.0 6.0 8.0 11.0
017A07.JPG 7.0 5.0 6.0 0.0 8.0 9.0 10.0 10.0 7.0 10.0 10.0
017A12.JPG 12.0 21.0 13.0 11.0 18.0 15.0 13.0 12.0 12.0 14.0 15.0
017A15.JPG 15.0 28.0 15.0 17.0 15.0 20.0 19.0 15.0 28.0 16.0 20.0
017A17.JPG 17.0 20.0 2.0 15.0 18.0 17.0 21.0 20.0 22.0 23.0 14.0
017A19.JPG 19.0 36.0 29.0 28.0 30.0 27.0 39.0 35.0 4.0 40.0 33.0
017A22.JPG 22.0 38.0 35.0 24.0 29.0 26.0 30.0 29.0 39.0 32.0 22.0
017A26.JPG 26.0 29.0 35.0 35.0 42.0 24.0 45.0 32.0 25.0 36.0 35.0
017A29.JPG 29.0 24.0 33.0 35.0 30.0 3.0 40.0 40.0 37.0 44.0 42.0
017A32.JPG 32.0 33.0 32.0 35.0 30.0 35.0 28.0 22.0 3.0 40.0 39.0
017A36.JPG 36.0 35.0 45.0 32.0 45.0 36.0 35.0 32.0 38.0 42.0 36.0
017A38.JPG 38.0 37.0 43.0 35.0 38.0 35.0 30.0 33.0 35.0 35.0 50.0
017A42.JPG 42.0 35.0 55.0 45.0 43.0 45.0 49.0 5.0 43.0 45.0 39.0
018A06.JPG 6.0 5.0 13.0 5.0 9.0 7.0 14.0 15.0 8.0 7.0 3.0
018A11.JPG 11.0 8.0 7.0 12.0 9.0 10.0 12.0 10.0 8.0 11.0 12.0
018A16.JPG 16.0 20.0 19.0 1.0 17.0 21.0 11.0 15.0 13.0 18.0 14.0
018A18.JPG 18.0 26.0 28.0 23.0 28.0 17.0 28.0 36.0 31.0 24.0 28.0
018A22.JPG 22.0 22.0 28.0 27.0 22.0 35.0 19.0 40.0 23.0 35.0 24.5
018A25.JPG 25.0 35.0 35.0 45.0 35.0 38.0 45.0 36.0 31.0 23.0 33.0
018A28.JPG 28.0 28.0 45.0 36.0 32.0 30.0 29.0 46.0 29.0 32.0 27.0
018A29.JPG 29.0 35.0 34.5 24.0 36.0 30.0 28.0 34.0 25.0 35.0 35.0
018A33.JPG 33.0 50.0 47.0 45.0 35.0 30.0 45.0 48.0 35.0 69.0 39.0
018A34.JPG 34.0 40.0 29.0 17.0 30.0 20.0 22.0 42.0 25.0 30.0 30.0
018A36.JPG 36.0 26.0 32.0 25.0 25.0 22.0 33.0 28.0 25.0 22.0 30.0
019A00.JPG 0.0 1.0 2.0 2.0 12.0 0.0 1.0 9.0 3.0 5.0 2.0
019A03.JPG 3.0 3.0 2.0 4.0 5.0 3.0 4.0 3.0 4.0 2.0 2.0
019A05.JPG 5.0 14.0 11.0 15.0 11.0 5.0 12.0 10.0 10.0 17.0 12.0
019A07.JPG 7.0 16.0 9.0 5.0 12.0 17.0 12.0 11.0 15.0 13.0 11.0
019A12.JPG 12.0 2.0 35.0 25.0 22.0 22.0 24.0 29.0 20.0 26.0 28.0
019A15.JPG 15.0 24.0 31.0 18.0 25.0 29.0 24.0 28.0 17.0 19.0 25.0
019A18.JPG 18.0 25.0 25.0 28.0 25.0 32.0 22.0 26.0 25.0 23.0 25.0
019A23.JPG 23.0 30.0 28.0 25.0 37.0 25.0 32.0 36.0 26.0 35.0 28.0
019A27.JPG 27.0 35.0 32.0 33.0 46.0 43.0 45.0 35.0 44.0 35.0 45.0
019A30.JPG 30.0 35.0 35.0 45.0 37.0 39.0 36.0 35.0 32.0 25.0 45.0
020A02.JPG 2.0 2.0 4.0 5.0 10.0 3.0 1.0 11.0 2.0 8.0 3.0
020A04.JPG 4.0 4.0 6.0 4.0 4.0 7.0 3.0 8.0 8.0 4.0 6.0
020A08.JPG 8.0 16.0 12.0 7.0 24.0 18.0 15.0 15.0 13.0 15.0 10.0
020A11.JPG 11.0 13.0 14.0 16.0 13.0 14.0 15.0 17.0 19.0 16.0 13.0
020A13.JPG 13.0 40.0 14.0 26.0 35.0 6.0 16.0 32.0 23.0 30.0 30.0
020A16.JPG 16.0 35.0 28.0 25.0 30.0 25.0 47.0 39.0 30.0 33.0 38.0
020A18.JPG 18.0 30.0 21.0 27.0 30.0 35.0 30.0 34.0 35.0 31.0 27.0
020A20.JPG 20.0 30.0 22.0 40.0 29.0 30.0 32.0 32.0 3.0 28.0 23.0
020A22.JPG 22.0 37.0 25.0 45.0 48.0 36.0 53.0 35.0 35.0 35.0 29.0
020A24.JPG 24.0 38.0 32.0 30.0 39.0 28.0 25.0 45.0 35.0 42.0 33.0
020A26.JPG 26.0 31.0 35.0 36.0 33.0 42.0 47.0 38.0 32.0 19.0 36.0
020A30.JPG 30.0 40.0 30.0 25.0 30.0 36.0 32.0 3.0 38.0 24.0 2.0
020A36.JPG 36.0 35.0 37.0 45.0 45.0 39.0 35.0 32.0 43.0 34.0 45.0
021A03.JPG 3.0 5.0 6.0 12.0 4.0 2.0 4.0 7.0 7.0 6.0 3.0
021A05.JPG 5.0 3.0 8.0 4.0 4.0 13.0 21.0 5.0 3.0 10.0 5.0
021A06.JPG 6.0 7.0 3.0 12.0 8.0 7.0 4.0 6.0 7.0 9.0 4.0
021A11.JPG 11.0 15.0 9.0 11.0 15.0 16.0 16.0 5.0 6.0 16.0 13.0
021A16.JPG 16.0 21.0 26.0 23.0 25.0 26.0 35.0 27.0 33.0 30.0 30.0
021A18.JPG 18.0 15.0 8.0 18.0 8.0 19.0 23.0 20.0 19.0 24.0 23.0
021A20.JPG 20.0 38.0 32.0 33.0 29.0 35.0 45.0 42.0 29.0 65.0 30.0
021A23.JPG 23.0 46.0 38.0 45.0 45.0 37.0 45.0 40.0 58.0 29.0 30.0
021A27.JPG 27.0 33.0 47.0 45.0 44.0 40.0 5.0 38.0 35.0 25.0 48.0
021A30.JPG 30.0 2.0 39.0 28.0 32.0 20.0 31.0 30.0 24.0 23.0 38.0
021A35.JPG 35.0 43.0 41.0 45.0 55.0 38.0 32.0 34.0 49.0 42.0 33.0
021A39.JPG 39.0 41.0 50.0 45.0 5.0 44.0 46.0 33.0 38.0 45.0 50.0
022A00.JPG 0.0 1.0 1.0 1.0 1.0 1.0 1.0 1.0 2.0 8.0 2.0
022A07.JPG 7.0 13.0 14.0 9.0 10.0 10.0 10.0 9.0 11.0 14.0 13.0
022A11.JPG 11.0 10.0 14.0 9.0 11.0 17.0 12.0 12.0 15.0 14.0 12.0
022A14.JPG 14.0 17.0 21.0 20.0 16.0 23.0 17.0 16.0 1.0 22.0 18.0
022A16.JPG 16.0 22.0 30.0 22.0 30.0 21.0 32.0 29.0 35.0 27.0 26.0
022A18.JPG 18.0 16.0 19.0 45.0 23.0 24.0 21.0 22.0 30.0 26.0 23.0
022A20.JPG 20.0 19.0 20.0 28.0 29.0 22.0 24.0 28.0 35.0 25.0 26.0
022A23.JPG 23.0 25.0 30.0 29.0 32.0 28.0 29.0 35.0 33.0 32.0 22.0
022A25.JPG 25.0 26.0 25.0 20.0 36.0 29.0 23.0 32.0 19.0 33.0 36.0
022A26.JPG 26.0 38.0 42.0 30.0 34.0 34.0 40.0 36.0 48.0 39.0 35.0
022A27.JPG 27.0 38.0 57.0 38.0 45.0 44.0 45.0 30.0 44.0 40.0 30.0
022A28.JPG 28.0 45.0 45.0 35.0 29.0 42.0 36.0 38.0 40.0 35.0 42.0
022A30.JPG 30.0 42.0 36.0 29.0 30.0 40.0 38.0 32.0 38.0 40.0 39.0
023A00.JPG 0.0 0.0 1.0 16.0 7.0 1.0 1.0 5.0 0.0 2.0 0.0
023A03.JPG 3.0 6.0 2.0 5.0 4.0 5.0 2.0 5.0 8.0 1.0 5.0
023A05.JPG 5.0 5.0 8.0 8.0 7.0 5.0 12.0 10.0 6.0 7.0 7.0
023A07.JPG 7.0 8.0 3.0 8.0 7.0 7.0 12.0 10.0 8.0 9.0 3.0
023A09.JPG 9.0 10.0 7.0 12.0 10.0 7.0 10.0 7.0 8.0 1.0 9.0
023A14.JPG 14.0 16.0 22.0 2.0 21.0 25.0 21.0 18.0 18.0 26.0 27.0
023A16.JPG 16.0 32.0 45.0 34.0 38.0 37.0 41.0 22.0 2.0 29.0 31.0
023A18.JPG 18.0 22.0 25.0 23.0 21.0 28.0 31.0 23.0 24.0 33.0 35.0
023A21.JPG 21.0 34.0 40.0 27.0 35.0 32.0 33.0 40.0 30.0 45.0 26.0
023A22.JPG 22.0 21.0 32.0 29.0 27.0 45.0 32.0 32.0 33.0 38.0 22.0
023A25.JPG 25.0 34.0 45.0 22.0 29.0 24.0 36.0 22.0 22.0 27.0 40.0
023A29.JPG 29.0 45.0 38.0 43.0 49.0 34.0 32.0 40.0 38.0 42.0 48.0
024A00.JPG 0.0 1.0 2.0 1.0 11.0 3.0 1.0 2.0 3.0 3.0 0.0
024A05.JPG 5.0 5.0 4.0 5.0 4.0 3.0 4.0 6.0 6.0 6.0 4.0
024A07.JPG 7.0 8.0 12.0 12.0 14.0 9.0 12.0 7.0 1.0 6.0 8.0
024A10.JPG 10.0 9.0 6.0 0.0 9.0 5.0 6.0 9.0 7.0 7.0 9.0
024A17.JPG 17.0 26.0 37.0 29.0 32.0 29.0 26.0 38.0 24.0 37.0 27.0
024A18.JPG 18.0 35.0 34.0 21.0 30.0 26.0 30.0 31.0 34.0 26.0 20.0
024A19.JPG 19.0 33.0 45.0 35.0 30.0 36.0 40.0 32.0 35.0 35.0 43.0
024A23.JPG 23.0 39.0 35.0 40.0 22.0 32.0 46.0 45.0 32.0 39.0 30.0
024A25.JPG 25.0 40.0 45.0 51.0 50.0 53.0 50.0 36.0 32.0 45.0 42.0
024A28.JPG 28.0 45.0 30.0 32.0 35.0 35.0 48.0 40.0 33.0 41.0 32.0
024A30.JPG 30.0 40.0 29.0 45.0 45.0 9.0 35.0 39.0 35.0 39.0 38.0
025A00.JPG 0.0 1.0 1.0 1.0 1.0 1.0 0.0 1.0 0.0 1.0 1.0
025A03.JPG 3.0 3.0 3.0 4.0 2.0 4.0 12.0 4.0 4.0 5.0 3.0
025A07.JPG 7.0 10.0 13.0 6.0 10.0 6.0 6.0 28.0 12.0 10.0 10.0
025A12.JPG 12.0 7.0 16.0 13.0 11.0 9.0 8.0 9.0 10.0 12.0 9.0
025A15.JPG 15.0 20.0 32.0 30.0 23.0 22.0 32.0 15.0 30.0 28.0 14.0
025A18.JPG 18.0 15.0 31.0 15.0 16.0 16.0 15.0 15.0 18.0 19.0 15.0
025A19.JPG 19.0 16.0 12.0 9.0 23.0 14.0 26.0 13.0 15.0 16.0 21.0
025A22.JPG 22.0 18.0 29.0 20.0 21.0 22.0 15.0 1.0 20.0 14.0 16.0
025A23.JPG 23.0 27.5 25.0 25.0 35.0 30.0 30.0 19.0 32.0 28.0 39.0
025A28.JPG 28.0 22.0 35.0 40.0 30.0 16.0 30.0 20.0 19.0 12.0 28.0
025A34.JPG 34.0 32.0 20.0 32.0 46.0 26.0 34.0 40.0 41.0 30.0 41.0
025A39.JPG 39.0 31.0 35.0 30.0 36.0 41.0 44.0 35.0 44.0 40.0 42.0
026A00.JPG 0.0 3.0 4.0 3.0 1.0 0.0 1.0 1.0 0.0 2.0 1.0
026A02.JPG 2.0 8.0 3.0 3.0 2.0 4.0 11.0 1.0 3.0 3.0 4.0
026A04.JPG 4.0 4.0 3.0 6.0 6.0 4.0 8.0 3.0 4.0 5.0 4.0
026A06.JPG 6.0 9.0 20.0 8.0 7.0 6.0 10.0 8.0 8.0 7.0 15.0
026A07.JPG 7.0 5.0 11.0 5.0 8.0 19.0 5.0 10.0 3.0 5.0 9.0
026A11.JPG 11.0 7.0 12.0 15.0 9.0 10.0 14.0 6.0 12.0 14.0 12.0
026A13.JPG 13.0 10.0 5.0 15.0 9.0 15.0 11.0 5.0 15.0 8.0 8.0
026A15.JPG 15.0 16.0 11.0 16.0 18.0 14.0 15.0 15.0 13.0 16.0 20.0
026A17.JPG 17.0 16.0 19.0 18.0 12.0 12.0 20.0 13.0 10.0 12.0 13.0
026A18.JPG 18.0 24.0 20.0 10.0 12.0 19.0 14.0 16.0 20.0 15.0 23.5
026A19.JPG 19.0 16.0 30.0 26.0 3.0 22.0 18.0 32.0 28.0 23.0 16.0
027A02.JPG 2.0 12.0 9.0 6.0 4.0 0.0 4.0 10.0 6.0 3.0 9.0
027A11.JPG 11.0 22.0 21.0 15.0 18.0 15.0 21.0 16.0 23.0 19.0 18.0
027A13.JPG 13.0 12.0 15.0 17.0 10.0 18.0 14.0 28.0 18.0 16.0 14.0
027A16.JPG 16.0 16.0 16.0 38.0 9.0 17.0 18.0 17.0 30.0 28.0 15.0
027A18.JPG 18.0 20.0 21.0 22.0 17.0 22.0 16.0 21.0 17.0 20.0 18.0
027A20.JPG 20.0 22.0 18.0 18.0 24.0 65.0 29.0 20.0 12.0 17.0 15.0
027A22.JPG 22.0 33.0 28.0 21.0 36.0 17.0 22.0 23.0 36.0 21.0 36.0
027A25.JPG 25.0 32.0 35.0 22.0 24.0 18.0 25.0 33.0 46.0 25.0 30.0
027A30.JPG 30.0 32.0 40.0 28.0 42.0 40.0 45.0 30.0 34.0 25.0 45.0
027A36.JPG 36.0 39.0 33.0 38.0 45.0 43.0 35.0 40.0 55.0 55.0 35.0
027A41.JPG 41.0 42.0 35.0 35.0 38.0 32.0 41.0 48.0 30.0 40.0 4.0
028A14.JPG 14.0 16.0 19.0 8.0 13.0 13.0 8.0 12.0 11.0 20.0 13.0
028A16.JPG 16.0 34.0 28.0 41.0 20.0 18.0 27.0 35.0 35.0 18.0 18.0
028A18.JPG 18.0 27.0 30.0 30.0 22.0 26.0 28.0 30.0 32.0 20.0 20.0
028A20.JPG 20.0 23.0 16.0 22.0 17.0 20.0 10.0 18.0 10.0 14.0 13.0
028A26.JPG 26.0 44.0 40.0 33.0 29.0 33.0 28.0 28.0 31.0 24.0 20.0
028A28.JPG 28.0 35.0 45.0 41.0 31.0 30.0 32.0 33.0 49.0 40.0 53.0
028A34.JPG 34.0 65.0 35.0 45.0 50.0 38.0 43.0 50.0 57.0 54.0 56.0
028A35.JPG 35.0 52.0 55.0 51.0 7.0 63.0 66.0 67.0 59.0 55.0 55.0
028A37.JPG 37.0 56.0 63.0 65.0 48.0 57.0 65.0 58.0 55.0 50.0 50.0
028A41.JPG 41.0 52.0 55.0 65.0 57.0 65.0 55.0 60.0 62.0 48.0 65.0
028A46.JPG 46.0 55.0 63.0 65.0 63.0 68.0 60.0 56.0 70.0 58.0 63.0
029A01.JPG 1.0 1.0 4.0 2.0 2.0 1.0 2.0 1.0 2.0 1.0 2.0
029A04.JPG 4.0 9.0 8.0 2.0 4.0 1.0 3.0 10.0 6.0 4.0 8.0
029A05.JPG 5.0 8.0 3.0 3.0 3.0 7.0 0.0 5.0 7.0 8.0 7.0
029A10.JPG 10.0 9.0 16.0 13.0 13.0 10.0 15.0 6.0 1.0 6.0 18.0
029A11.JPG 11.0 8.0 10.0 15.0 8.0 8.0 9.0 8.0 9.0 10.0 8.0
029A13.JPG 13.0 16.0 16.0 15.0 14.0 39.0 17.0 35.0 7.0 20.0 37.0
029A16.JPG 16.0 18.0 18.0 18.0 24.0 11.0 25.0 12.0 22.0 16.0 13.0
029A20.JPG 20.0 30.0 28.0 25.0 25.0 37.0 30.0 28.0 25.0 65.0 34.0
029A22.JPG 22.0 24.0 40.0 34.0 29.0 38.0 26.0 42.0 52.0 32.0 35.0
029A23.JPG 23.0 37.0 43.0 38.0 33.0 36.0 30.0 42.0 28.0 28.0 35.0
029A29.JPG 29.0 44.0 5.0 45.0 50.0 38.0 48.0 22.0 40.0 45.0 48.0
029A31.JPG 31.0 39.0 44.0 46.0 42.0 38.0 35.0 32.0 33.0 18.0 28.0
029A33.JPG 33.0 55.0 41.0 60.0 44.0 45.0 45.0 43.0 45.0 50.0 35.0
030A00.JPG 0.0 1.0 2.0 1.0 15.0 1.0 3.0 1.0 1.0 1.0 1.0
030A04.JPG 4.0 15.0 11.0 10.0 5.0 6.0 11.0 19.0 6.0 9.0 4.0
030A05.JPG 5.0 5.0 5.0 7.0 17.0 9.0 5.0 8.0 13.0 12.0 5.0
030A07.JPG 7.0 8.0 8.0 8.0 9.0 11.0 12.0 6.0 7.0 8.0 11.0
030A10.JPG 10.0 13.0 19.0 12.0 38.0 8.0 12.0 18.0 10.0 10.0 20.0
030A16.JPG 16.0 22.0 18.0 26.0 22.0 12.0 2.0 17.0 48.0 22.0 30.0
030A17.JPG 17.0 32.0 4.0 42.0 28.0 20.0 25.0 18.0 22.0 49.0 45.0
030A18.JPG 18.0 14.0 25.0 39.0 21.0 17.0 26.0 21.0 30.0 26.0 14.0
030A20.JPG 20.0 25.0 24.0 17.0 25.0 25.0 15.0 16.0 23.0 26.0 20.0
030A23.JPG 23.0 25.0 26.0 28.0 33.0 20.0 35.0 26.0 40.0 28.0 23.0
030A26.JPG 26.0 24.0 24.0 32.0 35.0 25.0 25.0 32.0 29.0 27.0 22.0
031A00.JPG 0.0 1.0 1.0 0.0 1.0 6.0 1.0 1.0 1.0 1.0 10.0
031A02.JPG 2.0 2.0 4.0 3.0 4.0 6.0 2.0 0.0 6.0 8.0 4.0
031A03.JPG 3.0 5.0 4.0 12.0 7.0 7.0 2.5 4.0 3.0 2.0 1.0
031A04.JPG 4.0 10.0 10.0 7.0 6.0 4.0 12.0 4.0 4.0 5.0 4.0
031A06.JPG 6.0 6.0 3.0 6.0 7.0 8.0 5.0 5.0 5.0 6.0 6.0
031A07.JPG 7.0 9.0 2.0 5.0 7.0 7.0 8.0 8.0 10.0 9.0 14.0
031A09.JPG 9.0 30.0 13.0 12.0 15.0 12.0 15.0 9.0 13.0 10.0 14.0
031A11.JPG 11.0 12.0 6.0 6.0 3.0 4.0 10.0 12.0 5.0 10.0 10.0
031A12.JPG 12.0 15.0 12.0 16.0 15.0 7.0 12.0 12.0 14.0 9.0 10.0
031A14.JPG 14.0 20.0 37.0 34.0 18.0 15.0 17.0 15.0 30.0 18.0 18.0
031A15.JPG 15.0 30.0 27.0 24.0 27.0 30.0 32.0 28.0 4.0 27.0 22.0
031A16.JPG 16.0 15.0 17.0 13.0 17.0 23.0 8.0 25.0 18.0 24.0 18.0
031A19.JPG 19.0 19.0 28.0 35.0 30.0 25.0 30.0 23.0 25.0 23.0 26.0
032A06.JPG 6.0 10.0 4.0 6.0 8.0 12.0 9.0 10.0 10.0 12.0 10.0
032A08.JPG 8.0 10.0 12.0 4.0 10.0 11.0 2.0 16.0 10.0 6.0 7.0
032A10.JPG 10.0 19.0 23.0 10.0 10.0 18.0 13.0 18.0 11.0 10.0 15.0
032A13.JPG 13.0 35.0 23.0 31.0 23.0 25.0 24.0 41.0 32.0 23.0 41.0
032A15.JPG 15.0 30.0 38.0 37.0 35.0 30.0 3.0 34.0 33.0 31.0 33.0
032A18.JPG 18.0 38.0 58.0 35.0 42.0 27.0 38.0 26.0 31.0 25.0 46.0
032A20.JPG 20.0 35.0 9.0 25.0 30.0 34.0 36.0 36.0 30.0 25.0 40.0
032A24.JPG 24.0 50.0 38.0 45.0 32.0 40.0 56.0 40.0 50.0 40.0 50.0
032A28.JPG 28.0 52.0 41.0 56.0 45.0 47.0 51.0 45.0 48.0 57.0 45.0
032A33.JPG 33.0 42.0 53.0 50.0 65.0 59.0 42.0 40.0 40.0 40.0 43.0
032A35.JPG 35.0 45.0 40.0 45.0 45.0 54.0 45.0 50.0 42.0 48.0 31.0
032A40.JPG 40.0 33.0 60.0 62.0 55.0 45.0 48.0 52.0 54.0 37.0 45.0
033A02.JPG 2.0 1.0 3.0 0.0 1.5 1.0 2.0 1.0 2.0 1.0 1.0
033A05.JPG 5.0 2.0 4.0 3.0 4.0 2.0 4.0 2.0 5.0 3.0 5.0
033A10.JPG 10.0 1.0 7.0 9.0 8.0 6.0 8.0 12.0 8.0 8.0 8.0
033A14.JPG 14.0 23.0 15.0 16.0 12.0 21.0 15.0 30.0 15.0 3.0 13.0
033A18.JPG 18.0 24.0 30.0 25.0 28.0 28.0 26.0 30.0 24.0 45.0 23.0
033A21.JPG 21.0 36.0 33.0 30.0 26.0 25.0 40.0 35.0 32.0 25.0 25.0
033A25.JPG 25.0 48.0 42.0 32.0 38.0 40.0 46.0 4.0 35.0 35.0 18.0
033A30.JPG 30.0 52.0 3.0 38.0 34.0 35.0 35.0 35.0 35.0 32.0 36.0
033A35.JPG 35.0 50.0 45.0 57.0 40.0 39.0 45.0 48.0 48.0 45.0 32.0
033A39.JPG 39.0 45.0 55.0 55.0 57.0 42.0 45.0 45.0 44.0 50.0 48.0
033A44.JPG 44.0 55.0 45.0 52.0 70.0 62.0 55.0 45.0 47.0 56.0 62.0
034A02.JPG 2.0 2.0 8.0 1.0 3.0 1.0 2.0 1.0 12.0 1.0 5.0
034A04.JPG 4.0 5.0 9.0 8.0 2.0 2.0 3.0 3.0 3.0 2.0 8.0
034A11.JPG 11.0 23.0 11.0 10.0 14.0 10.0 8.0 13.0 10.0 11.0 10.0
034A13.JPG 13.0 12.0 28.0 19.0 15.0 15.0 19.0 18.0 24.0 14.0 19.0
034A15.JPG 15.0 18.0 26.0 14.0 17.0 18.0 12.0 10.0 22.0 22.0 23.0
034A16.JPG 16.0 24.0 9.0 24.0 19.0 15.0 18.0 20.0 14.0 20.0 18.0
034A18.JPG 18.0 15.0 13.0 15.0 17.0 12.0 2.0 18.0 13.0 17.0 15.0
034A21.JPG 21.0 17.0 22.0 32.0 24.0 26.0 23.0 16.0 20.0 25.0 19.0
034A25.JPG 25.0 30.0 21.0 35.0 33.0 18.0 26.0 30.0 22.0 32.0 44.0
034A30.JPG 30.0 44.0 32.0 35.0 45.0 36.0 53.0 45.0 33.0 25.0 35.0
034A35.JPG 35.0 26.0 3.0 35.0 8.0 27.0 35.0 22.0 35.0 42.0 26.0
034A39.JPG 39.0 50.0 38.0 35.0 45.0 5.0 52.0 31.0 40.0 65.0 56.0
034A44.JPG 44.0 50.0 31.0 35.0 58.0 5.0 46.0 42.0 30.0 40.0 35.0
035A00.JPG 0.0 0.0 1.0 1.0 1.0 2.0 11.0 4.0 1.0 1.0 6.0
035A01.JPG 1.0 3.0 2.0 2.0 2.0 1.0 1.0 2.0 1.0 3.0 1.0
035A03.JPG 3.0 5.5 12.0 5.0 3.0 4.0 12.0 4.0 5.0 2.0 2.0
035A05.JPG 5.0 0.0 5.0 7.0 3.0 5.0 3.0 4.0 3.0 4.0 3.0
035A07.JPG 7.0 8.0 3.0 11.0 0.0 3.0 6.0 4.0 4.0 7.0 8.0
035A08.JPG 8.0 9.0 8.0 8.0 7.0 8.0 8.0 6.0 12.0 10.0 6.0
035A09.JPG 9.0 10.0 5.0 15.0 9.0 15.0 8.0 6.0 10.0 9.0 6.0
035A12.JPG 12.0 7.0 10.0 9.0 7.0 7.0 10.0 6.0 6.0 8.0 7.0
035A14.JPG 14.0 15.0 12.0 12.0 13.0 15.0 14.0 12.0 13.0 10.0 11.0
035A16.JPG 16.0 20.0 15.0 19.0 19.0 21.0 23.0 14.0 19.0 22.0 18.0
035A18.JPG 18.0 24.0 25.0 35.0 23.0 18.0 20.0 20.0 25.0 17.0 21.0
035A21.JPG 21.0 27.0 28.0 20.0 3.0 32.0 25.0 26.0 24.0 24.0 26.0
035A23a.JPG 23.0 35.0 35.0 24.0 33.0 35.0 35.0 30.0 55.0 28.0 45.0
035A23b.JPG 23.0 35.0 35.0 24.0 33.0 35.0 35.0 30.0 55.0 28.0 45.0
036A00.JPG 0.0 2.0 2.0 1.0 1.0 0.0 6.0 1.0 2.0 1.0 1.0
036A01.JPG 1.0 1.0 3.0 2.0 9.0 4.0 1.0 3.0 1.0 1.0 4.0
036A03.JPG 3.0 8.0 6.0 5.0 4.0 3.0 5.0 8.0 3.0 4.0 5.0
036A05.JPG 5.0 14.0 5.0 6.0 7.0 8.0 0.0 8.0 12.0 5.5 3.0
036A06.JPG 6.0 10.0 8.0 7.0 3.0 6.0 8.0 5.0 7.0 13.0 12.0
036A08.JPG 8.0 9.0 8.0 9.0 12.0 12.0 10.0 6.0 8.0 20.0 6.0
036A11.JPG 11.0 10.0 6.0 6.0 9.0 3.0 6.0 9.0 8.0 12.0 11.0
036A13.JPG 13.0 8.0 11.0 17.0 13.0 15.0 19.0 18.0 16.0 18.0 18.0
036A15.JPG 15.0 20.0 17.0 24.0 22.0 18.0 22.0 18.0 18.0 14.0 21.0
036A17.JPG 17.0 18.0 22.0 21.0 23.0 24.0 25.0 22.0 25.0 18.0 24.0
036A18.JPG 18.0 9.0 27.0 22.0 28.0 2.0 22.0 25.0 19.0 26.0 22.0
036A19.JPG 19.0 26.0 26.0 29.0 28.0 20.0 25.0 28.0 22.0 24.0 24.0
036A20.JPG 20.0 27.0 27.0 22.0 23.0 28.0 24.0 19.0 32.0 22.0 27.0
037A00.JPG 0.0 1.0 1.0 1.0 1.0 2.0 0.0 3.0 1.0 12.0 9.0
037A01.JPG 1.0 2.0 11.0 2.0 2.0 0.0 10.0 3.0 2.0 2.0 4.0
037A02.JPG 2.0 4.0 4.0 4.0 8.0 4.0 5.0 7.0 9.0 8.0 6.0
037A04.JPG 4.0 6.0 5.0 5.0 5.0 5.0 3.0 8.0 6.0 7.0 4.0
037A06.JPG 6.0 5.0 5.0 4.0 6.0 5.0 9.0 6.0 12.0 11.0 7.0
037A08.JPG 8.0 5.0 17.0 8.0 11.0 9.0 11.0 0.0 8.0 5.0 7.0
037A09.JPG 9.0 8.0 9.0 5.0 7.0 10.0 9.0 10.0 1.0 13.0 13.0
037A11.JPG 11.0 7.0 11.0 9.0 5.0 9.0 13.0 8.0 13.0 7.0 4.0
037A13.JPG 13.0 8.0 9.0 12.0 9.0 10.0 8.0 10.0 14.0 14.5 8.0
037A17.JPG 17.0 18.0 15.0 18.0 17.0 22.0 18.0 17.0 22.0 19.0 21.0
037A18.JPG 18.0 25.0 15.0 16.0 25.0 16.0 12.0 14.0 15.0 12.0 17.0
037A19.JPG 19.0 24.0 18.0 16.0 14.0 22.0 33.0 22.0 16.0 25.0 25.0
038A00.JPG 0.0 10.0 0.0 1.0 3.0 1.0 1.0 0.0 1.0 3.0 1.0
038A01.JPG 1.0 2.0 2.0 2.0 5.0 2.0 1.0 11.0 3.0 2.0 2.0
038A03.JPG 3.0 3.0 4.0 6.0 3.0 4.0 9.0 3.0 2.0 9.0 4.0
038A04.JPG 4.0 7.0 10.0 5.0 13.0 7.0 5.0 5.0 12.0 7.0 5.0
038A05.JPG 5.0 8.0 11.0 9.0 7.0 6.0 7.0 9.0 10.0 13.0 4.0
038A08.JPG 8.0 4.0 6.0 14.0 8.0 5.0 7.0 9.0 7.0 8.0 8.0
038A10.JPG 10.0 11.0 12.0 5.0 9.0 5.0 10.0 10.0 10.0 7.0 12.0
038A11.JPG 11.0 1.0 16.0 6.0 13.0 20.0 3.0 9.0 12.0 8.0 7.0
038A13.JPG 13.0 9.0 11.0 10.0 10.0 16.0 65.0 12.0 9.0 10.0 23.0
038A14.JPG 14.0 22.0 17.0 32.0 29.0 13.0 25.0 18.0 17.0 15.0 2.0
038A17.JPG 17.0 17.0 19.0 25.0 29.0 21.0 35.0 35.0 38.0 18.0 25.0
038A21.JPG 21.0 25.0 35.0 20.0 18.0 22.0 33.0 28.0 19.0 14.0 23.0
038A23.JPG 23.0 23.0 20.0 25.0 21.0 25.0 24.0 25.0 28.0 24.0 25.0
038A34.JPG 34.0 35.0 35.0 31.0 42.0 55.0 44.0 45.0 47.0 40.0 48.0
039A02.JPG 2.0 4.0 3.0 4.0 2.0 3.0 6.0 4.0 10.0 4.0 3.0
039A05.JPG 5.0 25.0 5.0 10.0 7.0 6.0 12.0 5.0 10.0 10.0 10.0
039A07.JPG 7.0 13.0 6.0 10.0 9.0 6.0 9.0 11.0 42.0 7.0 11.0
039A10.JPG 10.0 12.0 12.0 24.0 19.0 14.0 16.0 19.0 16.0 13.0 10.0
039A11.JPG 11.0 40.0 19.0 26.0 18.0 16.0 36.0 25.0 5.0 12.0 15.0
039A13.JPG 13.0 16.0 26.0 19.0 18.0 15.0 23.0 18.0 21.0 25.0 14.0
039A15.JPG 15.0 20.0 23.0 29.0 30.0 25.0 35.0 21.0 32.0 18.0 23.0
039A16.JPG 16.0 16.0 25.0 43.0 48.0 23.0 32.0 19.0 23.0 16.0 33.0
039A17.JPG 17.0 24.0 25.0 23.0 20.0 24.0 22.0 22.0 23.0 27.0 3.0
039A19.JPG 19.0 39.0 30.0 35.0 31.0 20.0 40.0 40.0 17.0 40.0 45.0
039A35.JPG 35.0 41.0 49.0 45.0 45.0 42.0 54.0 55.0 40.0 45.0 38.0
039A45.JPG 45.0 35.0 48.0 55.0 36.0 30.0 35.0 60.0 5.0 56.0 35.0
039A50.JPG 50.0 53.0 48.0 57.0 65.0 52.0 35.0 45.0 38.0 60.0 45.0
039A52.JPG 52.0 40.0 43.0 60.0 50.0 44.0 55.0 65.0 56.0 60.0 55.0
040A00.JPG 0.0 1.0 1.0 12.0 3.0 0.0 1.0 1.0 1.0 10.0 0.0
040A02.JPG 2.0 4.0 6.0 4.0 3.0 3.0 2.0 0.0 3.0 4.0 4.0
040A03a.JPG 3.0 4.0 4.0 10.0 3.0 3.0 6.0 7.0 4.0 2.0 1.0
040A03b.JPG 3.0 4.0 4.0 10.0 3.0 3.0 6.0 7.0 4.0 2.0 1.0
040A05.JPG 5.0 5.0 6.0 8.0 12.0 13.0 6.0 10.0 8.0 8.0 5.0
040A06.JPG 6.0 7.0 6.0 10.0 4.0 9.0 5.0 6.0 6.0 5.0 5.0
040A07.JPG 7.0 7.0 9.0 5.0 7.0 8.0 7.0 5.0 14.5 5.0 6.0
040A09.JPG 9.0 7.0 14.0 11.0 13.0 6.0 1.0 10.0 8.0 10.0 9.0
040A10.JPG 10.0 9.0 6.0 8.0 8.0 10.0 12.0 7.0 8.0 6.0 8.0
040A12.JPG 12.0 14.0 21.0 19.0 10.0 30.0 16.0 7.0 15.0 16.0 13.0
040A14.JPG 14.0 15.0 16.0 19.0 19.0 9.0 18.0 17.0 1.0 15.0 13.0
040A16.JPG 16.0 17.0 15.0 18.0 19.0 15.0 19.0 17.0 16.0 22.0 13.0
040A19.JPG 19.0 25.0 32.0 25.0 31.0 41.0 27.0 23.0 31.0 31.0 28.0
040A21.JPG 21.0 20.0 30.0 25.0 27.0 30.0 23.0 26.0 25.0 38.0 34.0
041A00.JPG 0.0 2.0 1.0 2.0 1.0 2.0 0.0 11.0 3.0 2.0 1.0
041A02.JPG 2.0 13.0 10.0 4.0 2.0 2.0 9.0 10.0 3.0 8.0 5.0
041A04.JPG 4.0 4.0 5.0 3.0 4.0 5.0 4.0 4.0 2.0 4.0 2.0
041A06.JPG 6.0 12.0 6.0 6.0 8.0 8.0 6.0 0.0 4.0 10.0 8.0
041A09.JPG 9.0 7.0 8.0 9.0 8.0 11.0 6.0 8.0 5.0 11.0 6.0
041A13.JPG 13.0 3.0 6.0 8.0 8.0 5.0 10.0 8.0 1.0 10.0 6.0
041A19.JPG 19.0 14.0 17.0 11.0 15.0 15.0 15.0 25.0 14.0 16.0 15.0
041A20.JPG 20.0 20.0 25.0 28.0 32.0 2.0 30.0 26.0 21.0 19.0 23.0
041A21.JPG 21.0 23.0 25.0 20.0 29.0 22.0 38.0 20.0 29.0 25.0 23.0
041A24.JPG 24.0 24.0 39.0 23.0 17.0 23.0 23.0 25.0 24.0 25.0 18.0
042A00.JPG 0.0 1.0 11.0 8.0 1.0 1.0 1.0 1.0 1.0 1.0 2.0
042A01.JPG 1.0 3.0 3.0 5.0 1.0 3.0 3.0 3.0 4.0 1.0 2.0
042A04.JPG 4.0 5.0 3.0 9.0 3.0 6.0 10.0 3.0 7.0 7.0 7.0
042A05.JPG 5.0 5.0 5.0 0.0 12.0 5.0 5.0 3.0 5.0 5.0 2.0
042A06.JPG 6.0 4.0 8.0 7.0 10.0 7.0 7.0 7.0 9.0 5.0 7.0
042A08.JPG 8.0 12.0 6.0 7.0 13.0 7.0 7.0 6.0 12.0 10.0 13.0
042A10.JPG 10.0 22.0 14.0 17.0 14.0 13.0 14.0 19.0 98.0 5.0 6.0
042A12.JPG 12.0 15.0 12.0 1.0 14.0 15.0 17.0 14.0 13.0 18.0 8.0
042A14.JPG 14.0 30.0 11.0 23.0 21.0 10.0 15.0 13.0 35.0 14.0 18.0
042A18.JPG 18.0 25.0 21.0 18.0 35.0 50.0 25.0 22.0 25.0 28.0 35.0
042A20.JPG 20.0 3.0 33.0 26.0 32.5 24.0 26.0 18.0 40.0 22.0 35.0
042A24.JPG 24.0 28.0 22.0 19.0 19.0 25.0 23.0 25.0 24.0 18.0 19.0
042A28.JPG 28.0 35.0 33.0 38.0 36.0 40.0 35.0 45.0 44.0 45.0 45.0
043A00.JPG 0.0 1.0 2.0 9.0 3.0 11.0 1.0 1.0 0.0 5.0 1.0
043A03.JPG 3.0 2.0 5.0 9.0 2.0 2.0 1.0 2.0 2.0 3.0 4.0
043A04.JPG 4.0 4.0 13.0 3.0 2.0 2.0 2.0 2.0 4.0 9.0 3.0
043A05.JPG 5.0 2.0 1.0 2.0 11.0 4.0 3.0 2.0 6.0 10.0 3.0
043A10.JPG 10.0 31.0 20.0 5.0 19.0 17.0 16.0 35.0 21.0 42.0 30.0
043A13.JPG 13.0 14.0 16.0 17.0 30.0 18.0 17.0 27.0 13.0 19.0 21.0
043A15.JPG 15.0 24.0 28.0 19.0 40.0 24.0 15.0 21.0 22.0 24.0 21.0
043A17.JPG 17.0 25.0 34.0 28.0 26.0 38.0 38.0 34.0 35.0 29.0 25.0
043A19.JPG 19.0 45.0 45.0 39.0 41.0 45.0 35.0 30.0 41.0 55.0 30.0
043A23.JPG 23.0 33.0 29.0 45.0 45.0 40.0 29.0 23.0 30.0 30.0 26.0
043A27.JPG 27.0 32.0 35.0 40.0 33.0 38.0 35.0 34.0 40.0 32.0 45.0
044A01.JPG 1.0 1.0 5.0 9.0 1.0 1.0 2.0 9.0 2.0 2.0 3.0
044A03.JPG 3.0 6.0 1.0 9.0 6.0 11.0 5.0 4.0 2.0 5.0 4.0
044A05.JPG 5.0 9.0 7.0 10.0 6.0 12.0 7.0 8.0 10.0 7.0 0.0
044A07.JPG 7.0 15.0 4.0 15.0 12.0 0.0 8.0 10.0 8.0 6.0 11.0
044A13.JPG 13.0 29.0 20.0 2.0 15.0 18.0 12.0 28.0 16.0 16.0 25.0
044A15.JPG 15.0 20.0 20.0 15.0 19.0 32.0 26.0 28.0 18.0 22.0 16.0
044A17.JPG 17.0 17.0 18.0 19.0 19.0 30.0 17.0 18.0 25.0 22.0 25.0
044A18.JPG 18.0 16.0 18.0 16.0 20.0 24.0 24.0 23.0 22.0 18.0 25.0
044A21.JPG 21.0 17.0 16.0 15.0 19.0 25.0 18.0 25.0 19.0 16.0 15.0
044A25.JPG 25.0 39.0 37.0 22.0 42.0 33.0 23.0 33.0 31.0 36.0 38.0
045A03.JPG 3.0 5.0 3.0 3.0 8.0 2.0 3.0 4.0 12.0 2.0 5.0
045A06.JPG 6.0 11.0 5.0 10.0 7.0 4.0 5.5 7.0 2.0 6.0 4.0
045A08.JPG 8.0 11.0 4.0 5.0 6.0 8.0 7.0 5.0 13.0 6.0 6.0
045A12.JPG 12.0 18.0 14.0 25.0 17.0 1.0 16.0 17.0 21.0 9.0 23.0
045A17.JPG 17.0 24.0 20.0 30.0 18.0 22.0 17.0 23.0 32.0 25.0 21.0
045A18.JPG 18.0 30.0 25.0 16.0 21.0 30.0 25.0 2.0 16.0 22.0 18.0
045A19.JPG 19.0 27.0 32.0 3.0 35.0 54.0 35.0 48.0 58.0 28.0 29.0
045A25.JPG 25.0 28.0 35.0 28.0 36.0 50.0 28.0 36.0 30.0 35.0 31.0
045A28.JPG 28.0 46.0 37.0 43.0 48.0 36.0 46.0 40.0 42.0 40.0 48.0
045A32.JPG 32.0 45.0 41.0 52.0 50.0 46.0 54.0 55.0 50.0 52.0 40.0
045A40.JPG 40.0 48.0 60.0 65.0 55.0 58.0 43.0 55.0 62.0 68.0 55.0
045A43.JPG 43.0 53.0 55.0 65.0 65.0 50.0 65.0 72.0 60.0 48.0 70.0
045A48.JPG 48.0 65.0 7.0 52.0 80.0 53.0 61.0 62.0 55.0 65.0 72.0
046A00.JPG 0.0 1.0 1.0 10.0 1.0 1.0 0.0 1.0 1.0 1.0 11.0
046A01.JPG 1.0 1.0 2.0 1.0 1.0 3.0 2.0 2.0 2.0 2.0 3.0
046A02.JPG 2.0 6.0 2.0 2.0 1.0 7.0 4.0 2.0 1.0 2.0 3.0
046A04.JPG 4.0 4.0 5.0 5.0 6.0 4.0 6.0 3.0 3.0 2.0 4.0
046A06.JPG 6.0 0.0 7.0 8.0 7.0 11.0 15.0 5.0 13.0 6.0 6.0
046A08.JPG 8.0 6.0 5.0 7.0 14.0 6.0 7.0 8.0 9.0 13.0 8.0
046A10.JPG 10.0 8.0 9.0 5.0 10.0 7.0 13.0 5.0 15.0 7.0 10.0
046A12.JPG 12.0 16.0 14.0 16.0 8.0 9.0 6.0 10.0 7.0 8.0 9.0
046A14.JPG 14.0 13.0 11.0 14.0 19.0 15.0 15.0 13.0 20.0 12.0 12.0
046A16.JPG 16.0 20.0 15.0 14.0 21.0 22.0 13.0 17.0 17.0 13.0 11.0
046A17.JPG 17.0 27.0 19.0 9.0 19.0 25.0 16.0 25.0 18.0 3.0 27.0
046A18.JPG 18.0 25.0 17.0 19.0 18.0 23.0 32.0 12.0 14.0 15.0 23.0
046A20.JPG 20.0 23.0 26.0 17.0 25.0 27.0 22.0 32.0 30.0 3.0 22.0
047A05.JPG 5.0 6.0 12.0 5.0 7.0 8.0 0.0 10.0 3.0 6.0 8.0
047A06.JPG 6.0 9.0 14.0 25.0 9.0 6.0 10.0 13.0 25.0 9.0 17.0
047A09.JPG 9.0 15.0 19.0 23.0 19.0 12.0 20.0 12.0 15.0 22.0 17.0
047A11.JPG 11.0 32.0 23.0 19.0 22.0 15.0 25.0 2.0 33.0 22.0 31.0
047A12.JPG 12.0 22.0 15.0 26.0 16.0 19.0 18.0 25.0 21.0 20.0 29.0
047A13.JPG 13.0 18.0 19.0 27.0 25.0 20.0 35.0 30.0 35.0 17.0 18.0
047A15.JPG 15.0 23.0 12.0 19.0 7.0 16.0 24.0 28.0 12.0 15.0 29.0
047A18.JPG 18.0 40.0 22.0 18.0 25.0 25.0 38.0 30.0 17.0 32.0 28.0
047A20.JPG 20.0 23.0 23.0 22.0 28.0 20.0 25.0 20.0 20.0 35.0 24.0
047A23.JPG 23.0 35.0 25.0 28.0 35.0 29.0 25.0 25.0 33.0 35.0 35.0
047A27.JPG 27.0 26.0 25.0 40.0 43.0 20.0 4.0 24.0 35.0 20.0 30.0
047A33.JPG 33.0 53.0 40.0 47.0 53.0 50.0 42.0 48.0 45.0 45.0 52.0
047A45.JPG 45.0 48.0 46.0 38.0 70.0 41.0 45.0 50.0 36.0 35.0 34.0
047A55.JPG 55.0 65.0 6.0 60.0 60.0 37.0 55.0 55.0 58.0 58.0 56.0
048A00.JPG 0.0 1.0 1.0 2.0 2.0 1.0 9.0 0.0 11.0 1.0 0.0
048A09.JPG 9.0 8.0 12.0 6.0 12.0 10.0 12.0 9.0 11.0 10.0 10.0
048A10.JPG 10.0 9.0 12.0 12.0 12.0 16.0 12.0 15.0 9.0 15.0 11.0
048A11.JPG 11.0 9.0 10.0 7.0 8.0 13.0 10.0 6.0 16.0 12.0 12.0
048A15.JPG 15.0 1.0 14.0 16.0 22.0 25.0 24.0 19.0 16.0 28.0 15.0
048A16.JPG 16.0 29.0 28.0 22.0 19.0 22.0 19.0 20.0 22.0 22.0 22.0
048A17.JPG 17.0 22.0 32.0 18.0 16.0 16.0 18.0 19.0 16.0 17.0 20.0
048A18.JPG 18.0 18.0 25.0 24.0 34.0 20.0 36.0 30.0 23.0 21.0 25.0
048A27.JPG 27.0 6.0 34.0 40.0 38.0 53.0 4.0 35.0 48.0 30.0 50.0
048A30.JPG 30.0 45.0 35.0 34.0 46.0 44.0 37.0 25.0 39.0 42.0 33.0
048A33.JPG 33.0 32.0 44.0 45.0 27.0 42.0 31.0 35.0 32.0 32.0 39.0
048A46.JPG 46.0 63.0 45.0 55.0 50.0 60.0 58.0 46.0 55.0 42.0 59.0
048A49.JPG 49.0 59.0 55.0 58.0 54.0 50.0 35.0 52.0 53.0 65.0 69.0
048A50.JPG 50.0 78.0 60.0 48.0 42.0 59.0 60.0 60.0 65.0 6.0 66.0
048A52.JPG 52.0 65.0 45.0 65.0 65.0 55.0 65.0 65.0 66.0 58.0 55.0
048A54.JPG 54.0 65.0 70.0 63.0 73.0 59.0 51.0 55.0 60.0 65.0 58.0
049A04.JPG 4.0 8.0 4.0 5.0 6.0 0.0 10.0 5.0 12.0 4.0 9.0
049A05.JPG 5.0 4.0 5.0 5.0 11.0 8.0 7.0 8.0 6.0 5.0 3.0
049A06.JPG 6.0 5.0 7.0 5.0 6.0 8.0 5.0 6.0 8.0 7.0 0.0
049A07.JPG 7.0 10.0 15.0 6.0 12.0 10.0 15.0 13.0 12.0 16.0 11.0
049A08.JPG 8.0 7.0 12.0 19.0 13.0 11.0 12.0 13.0 15.0 15.0 14.0
049A10.JPG 10.0 16.0 15.0 25.0 31.0 18.0 30.0 13.0 12.0 18.0 20.0
049A12.JPG 12.0 10.0 16.0 19.0 17.0 15.0 14.0 9.0 16.0 16.0 14.0
049A15.JPG 15.0 1.0 27.0 18.0 17.0 17.0 12.0 22.0 18.0 25.0 15.0
049A16.JPG 16.0 29.0 29.0 19.0 40.0 20.0 23.0 25.0 27.0 22.0 23.0
049A17.JPG 17.0 32.0 25.0 21.0 20.0 20.0 20.0 23.0 21.0 21.0 25.0
050A00.JPG 0.0 0.0 1.0 1.0 2.0 1.0 1.0 1.0 1.0 0.0 1.0
050A03.JPG 3.0 4.0 4.0 0.0 6.0 5.0 4.0 3.0 5.0 4.0 2.0
050A06.JPG 6.0 8.0 12.0 4.0 10.0 6.0 6.0 12.0 8.0 11.0 6.0
050A10.JPG 10.0 18.0 15.0 21.0 19.0 18.0 35.0 15.0 15.0 18.0 20.0
050A14.JPG 14.0 56.0 24.0 19.0 45.0 27.0 26.0 15.0 29.0 28.0 25.0
050A16.JPG 16.0 27.0 39.0 28.0 25.0 23.0 30.0 25.0 25.0 26.0 29.0
050A18.JPG 18.0 26.0 30.0 34.0 22.0 22.0 21.0 31.0 19.0 65.0 22.0
050A22.JPG 22.0 30.0 35.0 30.0 34.0 42.0 24.0 35.0 23.0 42.0 28.0
051A00.JPG 0.0 18.0 0.0 0.0 1.0 1.0 0.0 1.0 1.0 1.0 1.0
051A02.JPG 2.0 21.0 5.0 3.0 4.0 1.0 3.0 4.0 6.0 4.0 3.0
051A05.JPG 5.0 4.0 10.0 14.0 6.0 7.0 9.0 13.0 5.0 5.0 4.0
051A08.JPG 8.0 8.0 10.0 18.0 11.0 5.0 15.0 14.0 15.0 12.0 10.0
051A12.JPG 12.0 14.0 20.0 20.0 15.0 15.0 13.0 36.0 19.0 16.0 16.0
051A14.JPG 14.0 24.0 26.0 20.0 23.0 28.0 35.0 24.0 25.0 17.0 25.0
051A15.JPG 15.0 17.0 26.0 27.0 28.0 22.0 22.0 23.0 17.0 22.0 24.0
051A16.JPG 16.0 22.0 21.0 19.0 30.0 28.0 27.0 29.0 27.0 22.0 22.0
051A17.JPG 17.0 24.0 26.0 23.0 25.0 25.0 27.0 32.0 25.0 28.0 22.0
051A18.JPG 18.0 22.0 25.0 28.0 18.0 21.0 22.0 17.0 35.0 20.0 25.0
051A24.JPG 24.0 28.0 45.0 25.0 29.0 28.0 26.0 31.0 29.0 28.0 23.0
052A02.JPG 2.0 5.0 9.0 3.0 2.0 2.0 7.0 3.0 3.0 4.0 4.0
052A04.JPG 4.0 5.0 8.0 3.0 3.0 6.0 6.0 10.0 6.0 9.0 5.0
052A07.JPG 7.0 1.0 7.0 7.0 7.0 11.0 10.0 13.0 4.0 10.0 8.0
052A10.JPG 10.0 28.0 13.0 27.0 12.0 19.0 25.0 18.0 20.0 25.0 15.0
052A13.JPG 13.0 16.0 21.0 25.0 25.0 21.0 25.0 28.0 32.0 26.0 17.0
052A14.JPG 14.0 17.0 20.0 28.0 26.0 21.0 21.0 27.0 25.0 15.0 26.0
052A16.JPG 16.0 25.0 29.0 30.0 39.0 27.0 32.0 26.0 25.0 25.0 22.0
052A17.JPG 17.0 21.0 19.0 33.0 25.0 32.0 23.0 17.0 35.0 28.0 34.0
052A18.JPG 18.0 18.0 13.0 28.0 25.0 37.0 28.0 27.0 25.0 22.0 28.0
052A19.JPG 19.0 28.0 22.0 25.0 19.0 32.0 18.0 22.0 26.0 25.0 24.0
052A20.JPG 20.0 21.0 18.0 19.0 26.0 17.0 25.0 25.0 22.0 26.0 18.0
053A00.JPG 0.0 1.0 2.0 4.0 1.0 4.0 2.0 1.0 0.0 1.0 1.0
053A01.JPG 1.0 2.0 3.0 6.0 17.0 3.0 3.0 4.0 3.0 9.0 3.0
053A02.JPG 2.0 3.0 12.0 2.0 3.0 4.0 3.0 3.0 10.0 3.0 3.0
053A03.JPG 3.0 7.0 4.0 4.0 3.0 12.0 8.0 2.0 7.0 4.0 4.0
053A04.JPG 4.0 3.0 4.0 5.0 6.0 5.0 6.0 4.0 5.0 4.0 10.0
053A06.JPG 6.0 14.0 25.0 8.0 7.0 12.0 0.0 6.0 8.0 5.0 8.0
053A08.JPG 8.0 10.0 6.0 5.0 9.0 7.0 11.0 8.0 15.0 1.0 10.0
053A10.JPG 10.0 0.0 12.0 11.0 15.0 9.0 6.0 7.0 6.0 6.0 11.0
053A11.JPG 11.0 6.0 11.0 14.0 5.0 8.0 11.0 7.0 8.0 6.0 4.0
053A12.JPG 12.0 16.0 10.0 13.0 6.0 8.0 10.0 11.0 11.0 8.0 10.0
053A13.JPG 13.0 18.0 15.0 13.0 12.0 12.0 14.0 9.0 22.0 8.0 16.0
053A15.JPG 15.0 24.0 26.0 20.0 26.0 27.0 33.0 25.0 26.0 17.0 28.0
053A18.JPG 18.0 35.0 26.0 45.0 33.0 24.0 33.0 45.0 40.0 27.0 38.0
054A00.JPG 0.0 2.0 3.0 1.0 2.0 2.0 1.0 12.0 3.0 7.0 1.0
054A02.JPG 2.0 3.0 6.0 6.0 10.0 5.0 4.0 5.0 3.0 4.0 40.0
054A04.JPG 4.0 5.0 5.0 3.0 4.0 12.0 4.0 4.0 12.0 5.0 5.0
054A06.JPG 6.0 6.0 0.0 15.0 5.0 6.0 4.0 12.0 5.0 5.0 6.0
054A09.JPG 9.0 11.0 15.0 9.0 8.0 8.0 5.0 7.0 35.0 14.5 7.0
054A10.JPG 10.0 16.0 9.0 11.0 14.0 11.0 12.0 11.0 12.0 13.0 4.0
054A11.JPG 11.0 7.0 1.0 14.0 15.0 7.0 12.0 10.0 8.0 9.0 13.0
054A12.JPG 12.0 20.0 22.0 23.0 8.0 25.0 11.0 18.0 15.0 14.0 13.0
054A13.JPG 13.0 15.0 16.0 15.0 16.0 13.0 11.0 16.0 14.0 16.0 6.0
054A16.JPG 16.0 15.0 15.0 16.0 19.0 17.0 31.0 13.0 23.0 14.0 20.0
054A17.JPG 17.0 24.0 32.0 48.0 29.0 36.0 33.0 35.0 35.0 28.0 3.0
054A18.JPG 18.0 32.0 28.0 35.0 35.0 23.0 33.0 38.0 22.0 22.0 23.0
054A19.JPG 19.0 45.0 4.0 50.0 35.0 30.0 35.0 35.0 38.0 35.0 35.0
055A04.JPG 4.0 4.0 3.0 4.0 4.0 3.0 6.0 3.0 5.0 2.0 4.0
055A05.JPG 5.0 4.0 4.0 6.0 5.0 4.0 4.0 5.0 4.0 3.0 16.0
055A06.JPG 6.0 5.0 6.0 5.0 6.0 7.0 7.0 7.0 6.0 4.0 6.0
055A08.JPG 8.0 7.0 6.0 3.0 5.0 2.0 13.0 4.0 9.0 9.0 6.0
055A12.JPG 12.0 10.0 13.0 21.0 14.0 11.0 15.0 20.0 8.0 16.0 13.0
055A14.JPG 14.0 25.0 19.0 8.0 18.0 10.0 20.0 12.0 15.0 22.0 15.0
055A22.JPG 22.0 22.0 35.0 22.0 20.0 28.0 28.0 38.0 27.0 22.0 27.0
055A23.JPG 23.0 25.0 26.0 32.0 30.0 23.0 28.0 32.0 22.0 38.0 27.0
056A01.JPG 1.0 0.0 4.0 1.0 2.0 7.0 3.0 1.0 1.0 1.0 1.0
056A02.JPG 2.0 12.0 2.0 4.0 1.0 4.0 4.0 2.0 2.0 2.5 10.0
056A03.JPG 3.0 3.0 3.0 4.0 7.0 3.0 3.0 2.0 4.0 2.0 3.0
056A04.JPG 4.0 4.0 7.0 3.0 7.0 7.0 4.0 3.0 5.0 3.0 7.0
056A06.JPG 6.0 8.0 10.0 12.0 8.0 3.0 7.0 5.0 2.0 5.0 5.0
056A10.JPG 10.0 4.0 15.0 5.0 8.0 9.0 6.0 6.0 0.0 7.0 10.0
056A12.JPG 12.0 12.0 10.0 4.0 6.0 4.0 6.0 6.0 12.0 5.0 9.0
056A15.JPG 15.0 14.0 42.0 13.0 8.0 37.0 36.0 32.0 20.0 2.0 43.0
057A00.JPG 0.0 7.0 1.0 1.0 2.0 11.0 1.0 2.0 6.0 0.0 10.0
057A05.JPG 5.0 11.0 8.0 8.0 15.0 17.0 9.0 6.0 12.0 12.0 16.0
057A06.JPG 6.0 5.0 6.0 7.0 8.0 10.0 11.0 10.0 9.0 7.0 12.0
057A07.JPG 7.0 7.0 13.0 7.0 5.0 11.0 6.0 9.0 8.0 8.0 5.0
057A12.JPG 12.0 14.0 6.0 11.0 10.0 12.0 1.0 13.0 10.0 9.0 14.0
057A16.JPG 16.0 16.0 17.0 26.0 31.0 16.0 36.0 13.0 24.0 19.0 30.0
057A17.JPG 17.0 28.0 25.0 30.0 33.0 32.0 28.0 35.0 32.0 28.0 25.0
057A18.JPG 18.0 18.0 23.0 37.0 44.0 38.0 35.0 25.0 32.0 30.0 37.0
057A23.JPG 23.0 35.0 25.0 21.0 33.0 25.0 15.0 15.0 25.0 36.0 33.0
057A25.JPG 25.0 9.0 23.0 32.0 25.0 25.0 27.0 35.0 29.0 25.0 25.0
058A00.JPG 0.0 3.0 1.0 1.0 2.0 2.0 2.0 1.0 1.0 2.0 3.0
058A01.JPG 1.0 1.0 1.0 4.0 3.0 3.0 6.0 1.0 12.0 4.0 4.0
058A02.JPG 2.0 3.0 2.0 11.0 2.0 2.0 5.0 3.0 8.0 2.0 3.0
058A03.JPG 3.0 0.0 8.0 10.0 13.0 5.0 4.0 12.0 8.0 5.0 13.0
058A04.JPG 4.0 5.0 8.0 4.0 6.0 6.0 8.0 9.0 3.0 6.0 6.0
058A05.JPG 5.0 8.0 8.0 5.0 7.0 13.0 8.0 6.0 6.0 4.0 8.0
058A06.JPG 6.0 10.0 1.0 8.0 5.0 7.0 14.0 12.0 8.0 8.0 6.0
058A10.JPG 10.0 9.0 11.0 10.0 8.0 11.0 15.0 15.0 8.0 13.0 10.0
058A13.JPG 13.0 9.0 12.0 15.0 10.0 9.0 13.0 8.0 10.0 5.0 20.0
058A15.JPG 15.0 18.0 2.0 25.0 22.0 16.0 16.0 15.0 19.0 18.0 35.0
058A17.JPG 17.0 24.0 16.0 32.0 20.0 15.0 16.0 18.0 25.0 20.0 15.0
059A02a.JPG 2.0 3.0 5.0 3.0 6.0 8.0 7.0 12.0 2.0 5.0 6.0
059A02b.JPG 2.0 3.0 5.0 3.0 6.0 8.0 7.0 12.0 2.0 5.0 6.0
059A03.JPG 3.0 5.0 6.0 16.0 3.0 10.0 10.0 3.0 6.0 2.0 10.0
059A04.JPG 4.0 2.0 11.0 4.0 2.0 5.0 4.0 4.0 5.0 6.0 4.0
059A06.JPG 6.0 5.0 5.0 0.0 2.0 5.0 4.0 8.0 4.0 3.0 11.0
059A07.JPG 7.0 7.0 6.0 5.0 12.0 8.0 5.0 5.0 6.0 4.0 3.0
059A12.JPG 12.0 14.0 19.0 15.0 17.0 18.0 15.0 9.0 14.0 16.0 15.0
059A14.JPG 14.0 14.0 13.0 10.0 14.0 8.0 18.0 13.0 18.0 13.0 17.0
059A16.JPG 16.0 11.0 13.0 20.0 10.0 18.0 12.0 13.0 16.0 15.0 15.0
060A02.JPG 2.0 8.0 7.0 5.0 4.0 5.0 10.0 6.0 5.0 8.0 7.0
060A04.JPG 4.0 11.0 9.0 3.0 7.0 7.0 6.0 3.0 7.0 3.0 5.0
060A05.JPG 5.0 6.0 4.0 3.0 11.0 4.0 10.0 4.0 15.0 3.0 8.0
060A06.JPG 6.0 7.0 8.0 7.0 5.0 8.0 10.0 10.0 9.0 5.0 6.0
060A07.JPG 7.0 8.0 12.0 11.0 13.0 11.0 11.0 10.0 5.0 10.0 6.0
060A08.JPG 8.0 10.0 10.0 15.0 7.0 8.0 12.0 10.0 10.0 7.0 13.0
060A10.JPG 10.0 13.0 13.0 12.0 9.0 10.0 12.0 14.0 9.0 9.0 20.0
060A11.JPG 11.0 13.0 8.0 7.0 9.0 19.0 7.0 13.0 8.0 13.0 1.0
060A12.JPG 12.0 10.0 13.0 8.0 7.0 12.0 5.0 14.0 8.0 7.0 6.0
060A17.JPG 17.0 18.0 20.0 14.0 10.0 18.0 15.0 35.0 8.0 18.0 17.0
060A19.JPG 19.0 21.0 8.0 22.0 28.0 20.0 14.0 26.0 21.0 16.0 24.0
060A20.JPG 20.0 36.0 30.0 25.0 19.0 15.0 11.0 1.0 19.0 25.0 14.0
061A04.JPG 4.0 3.0 13.0 0.0 4.0 2.0 11.0 6.0 8.0 5.0 4.0
061A06.JPG 6.0 11.0 5.0 6.0 7.0 12.0 7.0 6.0 7.0 7.0 5.0
061A07.JPG 7.0 12.0 6.0 10.0 5.0 12.0 7.0 9.0 12.0 8.0 8.0
061A10.JPG 10.0 8.0 6.0 10.0 19.0 12.0 11.0 15.0 7.0 9.0 6.0
061A15.JPG 15.0 22.0 21.0 19.0 20.0 21.0 30.0 29.0 32.0 17.0 21.0
061A17.JPG 17.0 12.0 18.0 16.0 16.0 20.0 19.0 16.0 22.0 27.0 16.0
061A18.JPG 18.0 18.0 32.0 19.0 28.0 26.0 25.0 25.0 20.0 30.0 28.0
061A19.JPG 19.0 22.0 20.0 15.0 28.0 23.0 22.0 25.0 20.0 18.0 22.0
061A25.JPG 25.0 42.0 33.0 27.0 35.0 46.0 25.0 28.0 47.0 19.0 35.0
061A26.JPG 26.0 22.0 26.0 36.0 24.0 2.0 23.0 12.0 36.0 23.0 35.0
061A29.JPG 29.0 38.0 25.0 30.0 23.0 28.0 23.0 33.0 30.0 27.0 28.0
061A30.JPG 30.0 32.0 39.0 39.0 36.0 28.0 45.0 26.0 45.0 25.0 21.0
061A32.JPG 32.0 18.0 28.0 26.0 19.0 30.0 22.0 33.0 20.0 18.0 18.0
062A03.JPG 3.0 6.0 6.0 10.0 6.0 13.0 4.0 5.0 7.0 7.0 8.0
062A15.JPG 15.0 27.0 29.0 20.0 35.0 25.0 22.0 31.0 25.0 40.0 19.0
062A16.JPG 16.0 8.0 18.0 18.0 8.0 17.0 16.0 25.0 1.0 18.0 21.0
062A18.JPG 18.0 23.0 18.0 17.0 20.0 25.0 16.0 17.0 16.0 12.0 17.0
062A30.JPG 30.0 32.0 45.0 45.0 38.0 34.0 28.0 35.0 46.0 42.0 35.0
062A35.JPG 35.0 35.0 50.0 45.0 40.0 40.0 55.0 40.0 36.0 40.0 40.0
062A38.JPG 38.0 43.0 48.0 52.0 56.0 40.0 38.0 59.0 48.0 58.0 5.0
062A41.JPG 41.0 45.0 34.0 6.0 35.0 45.0 48.0 50.0 52.0 34.0 35.0
062A45.JPG 45.0 44.0 78.0 60.0 33.0 45.0 55.0 40.0 45.0 40.0 45.0
062A47.JPG 47.0 56.0 55.0 33.0 55.0 50.0 60.0 60.0 57.0 65.0 62.0
062A53.JPG 53.0 35.0 43.0 55.0 40.0 35.0 51.0 65.0 64.0 54.0 55.0
062A54.JPG 54.0 50.0 50.0 48.0 55.0 55.0 63.0 53.0 51.0 60.0 42.0
063A00.JPG 0.0 2.0 1.0 1.0 1.0 1.0 1.0 4.0 1.0 3.0 3.0
063A02.JPG 2.0 2.0 10.0 2.0 4.0 1.0 8.0 1.0 5.0 3.0 2.0
063A04.JPG 4.0 3.0 3.0 2.0 0.0 3.0 3.0 1.0 5.0 4.0 5.0
063A08.JPG 8.0 8.0 5.0 13.0 11.0 6.0 14.0 2.0 11.0 7.0 1.0
063A09.JPG 9.0 9.0 22.0 12.0 22.0 2.0 9.0 15.0 12.0 8.0 19.0
063A18.JPG 18.0 20.0 15.0 19.0 19.0 15.0 15.0 23.0 16.0 19.0 23.0
063A20.JPG 20.0 22.0 14.0 15.0 16.0 25.0 18.0 16.0 30.0 28.0 30.0
063A22.JPG 22.0 32.0 36.0 30.0 24.0 15.0 27.0 2.0 24.0 16.0 32.0
063A25.JPG 25.0 3.0 28.0 35.0 32.0 30.0 21.0 35.0 23.0 30.0 23.0
063A33.JPG 33.0 25.0 35.0 24.0 32.0 5.0 32.0 19.0 25.0 29.0 35.0
064A01.JPG 1.0 1.0 6.0 3.0 1.0 10.0 1.0 1.0 2.0 1.0 1.0
064A03.JPG 3.0 1.0 5.0 3.0 4.0 2.0 5.0 4.0 1.0 4.0 6.0
064A04.JPG 4.0 3.0 3.0 6.0 2.0 4.0 6.0 3.0 11.0 5.0 8.0
064A10.JPG 10.0 10.0 10.0 15.0 12.0 10.0 9.0 13.0 8.0 12.0 12.0
064A15.JPG 15.0 15.0 15.0 29.0 15.0 25.0 14.0 1.0 21.0 11.0 12.0
064A19.JPG 19.0 24.0 22.0 21.0 25.0 22.0 24.0 24.0 25.0 27.0 23.0
065A02a.JPG 2.0 3.0 2.0 1.0 4.0 2.0 4.0 2.0 2.0 1.0 2.0
065A02b.JPG 2.0 3.0 2.0 1.0 4.0 2.0 4.0 2.0 2.0 1.0 2.0
065A03a.JPG 3.0 3.0 6.0 4.0 5.0 3.0 4.0 11.0 6.0 6.0 2.0
065A03b.JPG 3.0 3.0 6.0 4.0 5.0 3.0 4.0 11.0 6.0 6.0 2.0
065A04.JPG 4.0 9.0 11.0 6.0 7.0 12.0 5.0 5.0 5.0 5.0 3.0
065A06a.JPG 6.0 7.0 8.0 5.0 4.0 8.0 8.0 7.0 5.0 6.0 3.0
065A06b.JPG 6.0 7.0 8.0 5.0 4.0 8.0 8.0 7.0 5.0 6.0 3.0
065A07a.JPG 7.0 8.0 8.0 7.0 7.0 7.0 8.0 5.0 8.0 12.0 4.0
065A07b.JPG 7.0 8.0 8.0 7.0 7.0 7.0 8.0 5.0 8.0 12.0 4.0
065A08.JPG 8.0 9.0 12.0 7.0 12.0 13.0 8.0 7.0 6.0 9.0 9.0
065A09.JPG 9.0 8.0 10.0 12.0 7.0 11.0 10.0 7.0 9.0 10.0 11.0
065A10.JPG 10.0 11.0 12.0 15.0 15.0 13.0 16.0 13.0 13.0 19.0 16.0
065A11.JPG 11.0 12.0 11.0 12.0 7.0 10.0 16.0 13.0 10.0 13.0 12.0
065A12.JPG 12.0 12.0 12.0 13.0 8.0 14.0 12.0 13.0 11.0 12.0 6.0
065A13.JPG 13.0 12.0 1.0 8.0 9.0 14.0 20.0 15.0 12.0 10.0 16.0
066A00.JPG 0.0 0.0 2.0 0.0 5.0 2.0 1.0 1.0 1.0 1.0 1.0
066A02a.JPG 2.0 1.0 1.0 12.0 3.0 3.0 6.0 3.0 3.0 2.0 3.0
066A02b.JPG 2.0 1.0 1.0 12.0 3.0 3.0 6.0 3.0 3.0 2.0 3.0
066A03.JPG 3.0 5.0 6.0 10.0 5.0 4.0 4.0 5.0 7.0 4.0 5.0
066A04.JPG 4.0 5.0 9.0 3.0 6.0 12.0 4.0 7.0 5.0 3.0 3.0
066A06a.JPG 6.0 3.0 7.0 7.0 8.0 5.0 7.0 15.0 10.0 6.0 11.0
066A06b.JPG 6.0 3.0 7.0 7.0 8.0 5.0 7.0 15.0 10.0 6.0 11.0
066A07.JPG 7.0 56.0 6.0 4.0 6.0 9.0 5.0 0.0 11.0 9.0 6.0
066A08.JPG 8.0 10.0 12.0 4.0 7.0 15.0 8.0 10.0 8.0 12.0 6.0
066A09.JPG 9.0 10.0 7.0 8.0 8.0 10.0 10.0 8.0 11.0 10.0 9.0
066A10.JPG 10.0 14.0 12.0 12.0 14.0 13.0 1.0 11.0 12.0 8.0 13.0
066A11.JPG 11.0 13.0 14.0 11.0 14.0 12.0 12.0 12.0 13.0 15.0 10.0
067A04.JPG 4.0 5.0 9.0 3.0 4.0 6.0 4.0 5.0 5.0 5.0 11.0
067A14.JPG 14.0 20.0 26.0 16.0 12.0 24.0 21.0 20.0 23.0 15.0 20.0
067A17.JPG 17.0 21.0 1.0 17.0 15.0 20.0 35.0 23.0 19.0 26.0 17.0
067A21.JPG 21.0 15.0 25.0 19.0 18.0 18.0 22.0 16.0 20.0 15.0 19.0
067A23.JPG 23.0 27.0 35.0 9.0 21.0 23.0 21.0 42.0 30.0 2.0 33.0
067A26.JPG 26.0 25.0 36.0 23.0 37.0 35.0 25.0 24.0 19.0 30.0 18.0
067A28.JPG 28.0 35.0 25.0 32.0 43.0 37.0 37.0 41.0 32.0 38.0 54.0
067A30.JPG 30.0 47.0 45.0 28.0 35.0 36.0 29.0 38.0 22.0 26.0 38.0
067A33.JPG 33.0 25.0 42.0 4.0 39.0 33.0 37.0 44.0 36.0 35.0 32.0
067A39.JPG 39.0 38.0 45.0 47.0 46.0 60.0 40.0 38.0 37.0 29.0 35.0
068A00.JPG 0.0 1.0 6.0 1.0 1.0 1.0 1.0 0.0 1.0 10.0 15.0
068A03.JPG 3.0 10.0 3.0 3.0 1.0 3.0 6.0 4.0 2.0 3.0 11.0
068A04.JPG 4.0 5.0 4.0 5.0 8.0 4.0 5.0 0.0 4.0 5.0 5.0
068A09.JPG 9.0 15.0 7.0 30.0 12.0 14.0 10.0 11.0 28.0 14.0 12.0
068A10a.JPG 10.0 8.0 10.0 10.0 9.0 8.0 6.0 9.0 9.0 10.0 5.0
068A10b.JPG 10.0 8.0 10.0 10.0 9.0 8.0 6.0 9.0 9.0 10.0 5.0
068A11.JPG 11.0 17.0 14.0 22.0 19.0 28.0 15.0 14.0 21.0 23.0 25.0
068A12.JPG 12.0 10.0 14.0 12.0 16.0 8.0 15.0 12.0 12.0 12.0 10.0
068A13.JPG 13.0 16.0 15.0 13.0 19.0 16.0 19.0 15.0 13.0 13.0 12.0
068A14.JPG 14.0 26.0 35.0 16.0 32.0 28.0 19.0 26.0 38.0 19.0 17.0
069A00.JPG 0.0 1.0 1.0 2.0 0.0 1.0 1.0 0.0 1.0 1.0 0.0
069A02.JPG 2.0 4.0 4.0 12.0 3.0 6.0 4.0 3.0 3.0 4.0 5.0
069A03.JPG 3.0 3.0 9.0 8.0 2.0 7.0 4.0 9.0 2.0 5.0 3.0
069A04.JPG 4.0 4.0 2.0 7.0 4.0 8.0 6.0 6.0 5.0 5.0 8.0
069A05.JPG 5.0 12.0 6.0 8.0 8.0 6.0 4.0 6.0 9.0 8.0 6.0
069A06.JPG 6.0 10.0 6.0 10.0 7.0 14.0 11.0 1.0 4.0 9.0 18.0
069A07.JPG 7.0 12.0 12.0 7.0 7.0 8.0 10.0 10.0 6.0 6.0 7.0
069A09.JPG 9.0 11.0 12.0 10.0 14.0 9.0 9.0 8.0 12.0 11.0 9.0
069A10.JPG 10.0 9.0 7.0 1.0 8.0 10.0 7.0 0.0 6.0 10.0 12.0
069A11.JPG 11.0 12.0 9.0 19.0 8.0 12.0 10.0 9.0 12.0 10.0 12.0
069A13.JPG 13.0 18.0 14.0 23.0 20.0 19.0 14.0 11.0 14.0 17.0 15.0
070A00.JPG 0.0 1.0 0.0 3.0 2.0 3.0 3.0 1.0 7.0 5.0 1.0
070A01.JPG 1.0 2.0 3.0 0.0 1.0 3.0 3.0 1.0 1.0 6.0 4.0
070A02.JPG 2.0 16.0 3.0 8.0 4.0 5.0 5.0 3.0 1.0 4.0 1.0
070A03.JPG 3.0 2.0 5.0 6.0 5.0 2.0 5.0 4.0 5.5 3.0 2.0
070A05.JPG 5.0 10.0 8.0 12.0 4.0 6.0 9.0 12.0 8.0 6.0 1.0
070A06.JPG 6.0 7.0 13.0 8.0 12.0 11.0 6.0 8.0 8.0 9.0 8.0
070A07.JPG 7.0 10.0 9.0 8.0 14.0 8.0 0.0 10.0 12.0 7.0 5.0
070A08.JPG 8.0 7.0 11.0 11.0 8.0 8.0 8.0 9.0 11.0 6.0 6.0
070A09.JPG 9.0 4.0 8.0 9.0 10.0 15.0 11.0 13.0 15.0 10.0 8.0
070A12.JPG 12.0 15.0 12.0 8.0 9.0 7.0 12.0 10.0 8.0 8.0 8.0
070A14.JPG 14.0 11.0 16.0 9.0 10.0 12.0 12.0 19.0 14.0 14.0 15.0
071A00.JPG 0.0 0.0 12.0 1.0 0.0 1.0 1.0 1.0 1.0 0.0 5.0
071A10.JPG 10.0 10.0 14.0 14.0 28.0 15.0 15.0 11.0 8.0 10.0 8.0
071A18.JPG 18.0 35.0 36.0 28.0 45.0 27.0 30.0 40.0 40.0 38.0 34.0
071A22.JPG 22.0 45.0 45.0 42.0 37.0 45.0 30.0 35.0 37.0 35.0 41.0
071A23.JPG 23.0 35.0 35.0 48.0 32.0 50.0 28.0 35.0 30.0 52.0 40.0
071A24.JPG 24.0 39.0 29.0 31.0 49.0 35.0 45.0 43.0 44.0 45.0 35.0
071A27.JPG 27.0 35.0 40.0 34.0 45.0 39.0 35.0 43.0 45.0 45.0 55.0
071A35.JPG 35.0 55.0 45.0 52.0 64.0 68.0 46.0 48.0 49.0 50.0 39.0
071A40.JPG 40.0 45.0 45.0 45.0 45.0 45.0 49.0 48.0 55.0 51.0 54.0
071A42.JPG 42.0 45.0 55.0 52.0 47.0 54.0 41.0 58.0 48.0 48.0 48.0
071A43.JPG 43.0 46.0 44.5 42.0 46.0 55.0 45.0 44.0 40.0 62.0 45.0
071A44.JPG 44.0 54.0 44.0 50.0 60.0 56.0 56.0 60.0 50.0 46.0 45.0
071A45.JPG 45.0 50.0 42.0 32.0 48.0 4.0 44.0 54.0 35.0 44.0 45.0
072A02.JPG 2.0 3.0 3.0 16.0 3.0 2.0 0.0 3.0 1.0 4.0 2.0
072A07.JPG 7.0 6.0 4.0 5.0 5.0 8.0 8.0 5.0 9.0 12.0 8.0
072A11.JPG 11.0 7.0 14.0 13.0 9.0 12.0 43.0 15.0 12.0 18.0 15.0
072A13.JPG 13.0 18.0 25.0 15.0 18.0 17.0 22.0 7.0 13.0 1.0 15.0
072A14.JPG 14.0 14.0 20.0 20.0 16.0 22.0 17.0 26.0 26.0 18.0 18.0
072A17.JPG 17.0 12.0 24.0 21.0 21.0 31.0 24.0 13.0 19.0 13.0 14.0
072A19.JPG 19.0 29.0 21.0 22.0 35.0 25.0 20.0 24.0 22.0 22.0 24.0
072A21.JPG 21.0 20.0 33.0 28.0 26.0 19.0 32.0 30.0 36.0 44.0 3.0
072A25.JPG 25.0 22.0 19.0 22.0 22.0 26.0 22.0 23.0 19.0 3.0 19.0
072A27.JPG 27.0 26.0 25.0 19.0 24.0 26.0 29.0 23.0 26.0 20.0 22.0
072A29.JPG 29.0 18.0 22.0 28.0 31.0 18.0 36.0 4.0 22.0 22.0 30.0
072A34.JPG 34.0 23.0 32.0 32.0 45.0 40.0 40.0 35.0 35.0 37.0 27.0
072A41.JPG 41.0 42.0 49.0 38.0 45.0 50.0 47.0 38.0 44.0 45.0 36.0
072A45.JPG 45.0 40.0 33.0 30.0 30.0 32.0 40.0 48.0 47.0 32.0 52.0
073A00.JPG 0.0 1.0 2.0 2.0 1.0 2.0 4.0 1.0 0.0 0.0 1.0
073A01.JPG 1.0 1.0 2.0 3.0 2.0 1.0 2.0 1.0 10.0 1.0 3.0
073A02.JPG 2.0 0.0 30.0 6.0 12.0 6.0 4.0 3.0 4.0 7.0 4.0
073A03.JPG 3.0 6.0 6.0 3.0 2.0 2.0 7.0 3.0 6.0 8.0 4.0
073A04.JPG 4.0 3.0 5.0 6.0 9.0 12.0 10.0 12.0 5.0 5.0 7.0
073A05.JPG 5.0 5.0 7.0 4.0 0.0 3.0 3.0 3.0 6.0 5.0 3.0
073A06.JPG 6.0 7.0 6.0 3.0 6.0 4.0 7.0 6.0 6.0 8.0 9.0
073A07.JPG 7.0 8.0 8.0 14.0 8.0 11.0 5.0 5.0 5.0 10.0 8.0
073A08.JPG 8.0 7.0 7.0 11.0 6.0 6.0 6.0 9.0 8.0 8.0 4.0
073A09.JPG 9.0 8.0 10.0 6.0 6.0 8.0 6.0 9.0 7.0 9.0 10.0
073A11.JPG 11.0 12.0 13.0 14.0 8.0 8.0 17.0 10.0 11.0 11.0 1.0
073A12.JPG 12.0 10.0 22.0 26.0 7.0 12.0 15.0 8.0 15.0 20.0 10.0
073A13.JPG 13.0 12.0 15.0 22.0 12.0 16.0 22.0 25.0 13.0 20.0 18.0
073A14.JPG 14.0 20.0 12.0 19.0 16.0 12.0 15.0 20.0 15.0 17.0 14.0
073A15.JPG 15.0 8.0 25.0 22.0 19.0 23.0 22.0 21.0 28.0 25.0 30.0
073A16.JPG 16.0 18.0 21.0 19.0 25.0 20.0 19.0 17.0 25.0 23.0 23.0
074A00.JPG 0.0 1.0 1.0 1.0 6.0 1.0 0.0 1.0 1.0 0.0 1.0
074A01.JPG 1.0 2.0 1.0 2.0 1.0 2.0 11.0 2.0 0.0 1.0 1.0
074A02.JPG 2.0 3.0 6.0 1.0 3.0 5.0 2.0 3.0 3.0 5.0 2.0
074A03.JPG 3.0 5.0 5.0 11.0 5.0 2.0 3.0 3.0 5.0 6.0 5.0
074A04.JPG 4.0 9.0 5.0 5.0 5.0 3.0 6.0 4.0 10.0 13.0 4.0
074A05.JPG 5.0 7.0 4.0 4.0 5.0 6.0 0.0 4.0 1.0 5.0 2.0
074A06.JPG 6.0 2.0 8.0 8.0 8.0 5.0 6.0 4.0 4.0 2.0 12.0
074A07.JPG 7.0 10.0 7.0 6.0 5.0 7.0 6.0 9.0 8.0 10.0 10.0
074A08.JPG 8.0 7.0 6.0 6.0 5.0 5.0 6.0 7.0 6.0 12.0 6.0
074A09.JPG 9.0 6.0 6.0 5.0 8.0 6.0 8.0 3.0 8.0 5.0 6.0
074A10.JPG 10.0 9.0 7.0 7.0 6.0 6.0 12.0 9.0 7.0 15.0 12.0
074A11.JPG 11.0 7.0 9.0 7.0 13.0 2.0 7.0 3.0 8.0 8.0 10.0
074A12.JPG 12.0 9.0 11.0 20.0 12.0 12.0 11.0 14.0 12.0 6.0 29.0
074A13.JPG 13.0 9.0 12.0 12.0 11.0 8.0 27.0 15.0 35.0 15.0 6.0
074A14.JPG 14.0 15.0 15.0 35.0 18.0 16.0 19.0 25.0 16.0 12.0 20.0
074A15.JPG 15.0 22.0 25.0 13.0 15.0 21.0 25.0 16.0 18.0 17.0 20.0
075A00.JPG 0.0 1.0 1.0 2.0 2.0 2.0 1.0 1.0 10.0 1.0 11.0
075A01.JPG 1.0 3.0 2.0 1.0 3.0 4.0 8.0 12.0 2.0 10.0 2.0
075A02.JPG 2.0 3.0 2.0 3.0 2.0 2.0 3.0 4.0 8.0 2.0 4.0
075A03.JPG 3.0 4.0 5.0 13.0 7.0 3.0 5.0 8.0 8.0 10.0 3.0
075A05.JPG 5.0 3.0 0.0 9.0 9.0 5.0 6.0 4.0 7.0 3.0 7.0
075A06.JPG 6.0 6.0 8.0 9.0 8.0 10.0 4.0 8.0 6.0 10.0 6.0
075A07.JPG 7.0 6.0 7.0 15.0 8.0 15.0 3.0 9.0 9.0 7.0 4.0
075A08.JPG 8.0 6.0 8.0 11.0 6.0 3.0 12.0 8.0 10.0 8.0 7.0
075A10.JPG 10.0 15.0 6.0 12.0 10.0 9.0 12.0 10.0 11.0 5.0 10.0
075A11.JPG 11.0 9.0 9.0 11.0 12.0 13.0 10.0 12.0 8.0 1.0 9.0
076A00.JPG 0.0 1.0 1.0 1.0 1.0 1.0 1.0 7.0 1.0 0.0 1.0
076A01.JPG 1.0 11.0 0.0 0.0 0.0 1.0 1.0 1.0 13.0 1.0 1.0
076A02.JPG 2.0 2.0 3.0 3.0 3.0 3.0 1.0 4.0 3.0 4.0 11.0
076A03.JPG 3.0 5.0 45.0 3.0 4.0 9.0 6.0 4.0 4.0 4.0 13.0
076A04.JPG 4.0 5.0 3.0 8.0 13.0 8.0 6.0 6.0 8.0 5.0 6.0
076A05.JPG 5.0 8.0 9.0 8.0 7.0 8.0 4.0 6.0 6.0 10.0 3.0
076A06.JPG 6.0 9.0 21.0 8.0 6.0 15.0 5.0 8.0 6.0 9.0 10.0
076A07.JPG 7.0 10.0 8.0 8.0 8.0 18.0 9.0 9.0 7.0 12.0 8.0
076A08.JPG 8.0 10.0 15.0 9.0 11.0 7.0 9.0 8.0 10.0 10.0 10.0
076A09.JPG 9.0 13.0 10.0 9.0 12.0 17.0 16.0 11.0 18.0 12.0 15.0
076A10.JPG 10.0 23.0 10.0 14.0 8.0 12.0 11.0 11.0 10.0 13.0 9.0
076A11.JPG 11.0 15.0 15.0 15.0 10.0 1.0 12.0 9.0 12.0 10.0 11.0
076A12.JPG 12.0 13.0 8.0 19.0 17.0 13.0 15.0 15.0 9.0 16.0 13.0
076A13.JPG 13.0 21.0 25.0 18.0 15.0 13.0 2.0 15.0 15.0 11.0 14.0
076A14.JPG 14.0 32.0 19.0 19.0 24.0 20.0 15.0 16.0 24.0 14.0 14.0
076A15.JPG 15.0 22.0 16.0 26.0 17.0 13.0 18.0 17.0 18.0 18.0 15.0
076A16.JPG 16.0 15.0 18.0 17.0 26.0 19.0 18.0 8.0 18.0 14.0 19.0
076A17.JPG 17.0 16.0 17.0 16.0 14.0 15.0 32.0 14.0 18.0 16.0 22.0
077A00.JPG 0.0 1.0 6.0 1.0 1.0 3.0 0.0 1.0 1.0 1.0 2.0
077A01.JPG 1.0 2.0 4.0 1.0 1.0 3.0 0.0 1.0 1.0 4.0 12.0
077A02.JPG 2.0 3.0 3.0 12.0 4.0 1.0 2.0 4.0 4.0 5.0 5.0
077A03.JPG 3.0 1.0 4.0 2.0 3.0 6.0 3.0 2.0 3.0 3.0 1.0
077A04.JPG 4.0 3.0 5.0 8.0 5.0 3.0 6.0 9.0 6.0 6.0 5.0
077A06.JPG 6.0 14.0 8.0 6.0 7.0 8.0 4.0 8.0 8.0 7.0 8.0
077A07.JPG 7.0 3.0 7.0 9.0 9.0 8.0 19.0 6.0 8.0 10.0 11.0
077A08.JPG 8.0 7.0 12.0 10.0 9.0 14.0 9.0 12.0 10.0 12.0 9.0
077A09.JPG 9.0 8.0 5.0 14.5 6.0 12.0 11.0 15.0 9.0 11.0 12.0
077A10.JPG 10.0 9.0 8.0 6.0 10.0 8.0 8.0 8.0 8.0 6.0 8.0
077A11.JPG 11.0 10.0 13.0 12.0 15.0 8.0 12.0 12.0 13.0 7.0 12.0
077A12.JPG 12.0 9.0 12.0 8.0 15.0 6.0 9.0 3.0 15.0 8.0 12.0
077A13.JPG 13.0 13.0 14.0 10.0 18.0 15.0 13.0 9.0 12.0 15.0 9.0
077A14.JPG 14.0 17.0 14.0 14.0 14.0 13.0 12.0 12.0 17.0 13.0 13.0
077A15.JPG 15.0 16.0 11.0 18.0 15.0 23.0 16.0 21.0 15.0 17.0 32.0
077A16.JPG 16.0 15.0 15.0 11.0 2.0 15.0 13.0 16.0 16.0 33.0 16.0
078A00.JPG 0.0 2.0 0.0 1.0 3.0 0.0 1.0 2.0 1.0 0.0 11.0
078A01.JPG 1.0 1.0 2.0 3.0 1.0 1.0 3.0 1.0 6.0 1.0 14.0
078A02.JPG 2.0 5.0 2.0 5.0 6.0 12.0 5.0 5.0 6.0 3.0 4.0
078A03.JPG 3.0 5.0 4.0 5.0 3.0 8.0 4.0 8.0 4.0 5.0 12.0
078A04.JPG 4.0 7.0 8.0 5.0 10.0 6.0 5.0 7.0 3.0 5.0 4.0
078A05.JPG 5.0 7.0 6.0 5.0 13.0 7.0 4.0 7.0 3.0 7.0 8.0
078A06.JPG 6.0 7.0 5.0 6.0 8.0 3.0 11.0 8.0 9.0 13.0 9.0
078A07.JPG 7.0 10.0 8.0 8.0 12.0 12.0 8.0 9.0 10.0 0.0 15.0
078A08.JPG 8.0 7.0 15.0 12.0 16.0 10.0 10.0 10.0 2.0 7.0 7.0
078A09.JPG 9.0 10.0 12.0 5.0 7.0 5.0 3.0 8.0 15.0 11.0 8.0
078A10.JPG 10.0 10.0 8.0 12.0 12.0 10.0 9.0 10.0 8.0 8.0 8.0
078A11.JPG 11.0 11.0 10.0 17.0 15.0 12.0 8.0 8.0 14.0 10.0 13.0
078A12.JPG 12.0 7.0 13.0 11.0 5.0 8.0 13.0 14.0 13.0 8.0 15.0
078A13.JPG 13.0 14.0 15.0 13.0 15.0 11.0 13.0 16.0 16.0 14.0 14.0
078A14.JPG 14.0 18.0 14.5 26.0 18.0 17.0 14.0 15.0 20.0 16.0 19.0
078A15.JPG 15.0 22.0 17.0 16.0 9.0 19.0 15.0 14.0 15.0 12.0 13.0
079A00.JPG 0.0 1.0 1.0 0.0 0.0 2.0 1.0 2.0 0.0 1.0 1.0
079A01.JPG 1.0 3.0 4.0 3.0 5.0 6.0 7.0 0.0 3.0 1.0 5.0
079A02.JPG 2.0 5.0 4.0 3.0 5.0 3.0 6.0 4.0 5.0 10.0 4.0
079A03.JPG 3.0 7.0 4.0 13.0 4.0 2.0 5.0 3.0 5.0 3.0 8.0
079A04.JPG 4.0 4.0 7.0 5.0 6.0 5.0 4.0 3.0 5.0 4.0 13.0
079A05.JPG 5.0 8.0 3.0 9.0 7.0 8.0 5.0 7.0 8.0 9.0 3.0
079A06.JPG 6.0 6.0 5.0 7.0 6.0 8.0 12.0 9.0 10.0 4.0 5.0
079A07.JPG 7.0 6.0 9.0 9.0 7.0 15.0 15.0 6.0 13.0 6.0 9.0
079A08.JPG 8.0 10.0 15.0 11.0 10.0 7.0 6.0 13.0 9.0 8.0 11.0
079A09.JPG 9.0 9.0 8.0 13.0 5.0 10.0 8.0 7.0 10.0 7.0 9.0
079A10.JPG 10.0 8.0 12.0 12.0 10.0 8.0 13.0 6.0 19.0 12.0 10.0
079A11.JPG 11.0 9.0 10.0 12.0 12.0 7.0 12.0 10.0 12.0 12.0 12.0
079A12.JPG 12.0 13.0 13.0 12.0 2.0 12.0 8.0 12.0 30.0 9.0 11.0
079A13.JPG 13.0 14.0 11.0 9.0 13.0 9.0 6.0 14.0 10.0 8.0 13.0
080A00.JPG 0.0 1.0 1.0 0.0 1.0 12.0 2.0 1.0 1.0 1.0 0.0
080A01.JPG 1.0 1.0 3.0 6.0 1.0 1.0 2.0 2.0 2.0 3.0 0.0
080A02.JPG 2.0 2.0 3.0 5.0 3.0 3.0 3.0 4.0 3.0 3.0 4.0
080A03.JPG 3.0 5.0 5.0 3.0 3.0 5.0 2.0 3.0 4.0 3.0 9.0
080A04.JPG 4.0 4.0 5.0 6.0 3.0 4.0 5.0 15.0 10.0 4.0 6.0
080A05.JPG 5.0 5.0 4.0 15.0 3.0 5.0 5.0 5.0 4.0 3.0 9.0
080A06.JPG 6.0 10.0 7.0 7.0 10.0 11.0 7.0 8.0 8.0 6.0 10.0
080A07.JPG 7.0 7.0 8.0 3.0 7.0 6.0 6.0 6.0 6.0 6.0 5.0
080A08.JPG 8.0 8.0 6.0 7.0 4.0 10.0 7.0 11.0 13.0 10.0 9.0
080A09.JPG 9.0 12.0 7.0 7.0 7.0 9.0 4.0 8.0 10.0 8.0 8.0
080A10.JPG 10.0 6.0 8.0 5.0 12.0 15.0 10.0 7.0 12.0 8.0 6.0
080A12.JPG 12.0 8.0 10.0 10.0 8.0 9.0 9.0 7.0 8.0 12.0 6.0
080A13.JPG 13.0 10.0 1.0 5.0 11.0 8.0 15.0 12.0 12.0 8.0 10.0
080A14.JPG 14.0 15.0 9.0 15.0 16.0 16.0 17.0 17.0 9.0 10.0 21.0
081A00.JPG 0.0 3.0 1.0 1.0 1.0 10.0 1.0 11.0 0.0 10.0 1.0
081A01.JPG 1.0 2.0 1.0 6.0 10.0 1.0 1.0 1.0 1.0 2.0 2.0
081A02.JPG 2.0 3.0 4.0 2.0 1.0 2.0 2.0 2.0 3.0 3.0 1.0
081A03.JPG 3.0 12.0 4.0 2.0 3.0 2.0 0.0 2.0 2.0 1.0 3.0
081A04.JPG 4.0 4.0 2.0 4.0 5.0 3.0 2.0 4.0 5.0 15.0 3.0
081A05.JPG 5.0 2.0 13.0 8.0 6.0 3.0 4.0 4.0 4.0 4.0 3.0
081A06.JPG 6.0 7.0 8.0 10.0 5.0 5.0 4.0 6.0 11.0 5.0 4.0
081A07.JPG 7.0 6.0 6.0 10.0 6.0 4.0 4.0 8.0 6.0 4.0 4.0
081A08.JPG 8.0 8.0 8.0 12.0 6.0 8.0 9.0 9.0 10.0 8.0 10.0
081A10.JPG 10.0 8.0 7.0 1.0 12.0 9.0 10.0 7.0 6.0 11.0 7.0
081A11.JPG 11.0 22.0 14.0 8.0 9.0 12.0 9.0 15.0 5.0 14.0 12.0
081A12.JPG 12.0 8.0 12.0 13.0 8.0 13.0 10.0 15.0 8.0 17.0 10.0
082A00.JPG 0.0 2.0 1.0 3.0 0.0 1.0 11.0 3.0 1.0 0.0 1.0
082A03.JPG 3.0 4.0 4.0 2.0 4.0 4.0 10.0 7.0 2.0 2.0 5.0
082A16.JPG 16.0 31.0 23.0 22.0 21.0 27.0 25.0 25.0 24.0 29.0 23.0
082A18.JPG 18.0 26.0 22.0 23.0 33.0 28.0 27.0 34.0 35.0 41.0 30.0
082A20.JPG 20.0 30.0 26.0 25.0 25.0 30.0 4.0 39.0 32.0 25.0 35.0
082A21.JPG 21.0 22.0 38.0 34.0 28.0 26.0 30.0 27.0 25.0 26.0 28.0
082A22.JPG 22.0 28.0 35.0 29.0 29.0 25.0 45.0 41.0 25.0 25.0 48.0
082A23.JPG 23.0 26.0 30.0 26.0 25.0 33.0 25.0 24.0 9.0 15.0 2.0
082A25.JPG 25.0 34.0 35.0 47.0 40.0 28.0 30.0 30.0 45.0 41.0 47.0
082A27.JPG 27.0 34.0 30.0 28.0 25.0 30.0 32.0 21.0 32.0 32.0 35.0
082A31.JPG 31.0 29.0 30.0 25.0 3.0 30.0 29.0 28.0 30.0 25.0 35.0
